Run	Start Period	Stop Period	Seed	Biased Region X	Biased Region Y	District Height	District Width	Home Count	Initial Interest Minimum	Initial Interest Maximum	Learner Count	Learning Resource Count	Lot Count	Next Home ID	Next Learner ID	Next Resource ID	Pause Period	Random Seed	Regular YCount	Resource Efficacy Minimum	Resource Efficacy Maximum	Start Period	Stop Period	Subsequent Engagement Factor	Thread Count	Time Segments Wandering	Time Segmentsin Day	Count Homes Population	Count Learners Population	Count Learner Learning Interest	Minimum Learner Learning Interest	Maximum Learner Learning Interest	Sum Learner Learning Interest	Average Learner Learning Interest	Count Learner Resource Engagements	Minimum Learner Resource Engagements	Maximum Learner Resource Engagements	Sum Learner Resource Engagements	Average Learner Resource Engagements	Count Learner Not Interested Behavior	Count Learner Seeking Resource Behavior	Count Learner Found Resource Behavior	Count Learner At Home Behavior	Count Learning Resources Population	Count Resource Interactions Population
1	0	3000	1325544778747	0.5000	0.5000	80.0000	150.0000	150.0000	0.0500	0.3500	100.0000	10.0000	0.0000	150.0000	100.0000	10.0000	2.1475E9	1.3255E12	2.0000	0.0000	0.0600	0.0000	3000.0000	0.0500	1.0000	24.0000	96.0000	150.0	100.0	100.0	0.050613198175843824	0.6358038319662044	23.478863245261778	0.23478863245261777	100.0	0.0	29.0	241.0	2.41	85.0	0.0	15.0	0.0	10.0	34.0
2	0	3000	1325544779507	0.5000	0.5000	80.0000	150.0000	150.0000	0.0500	0.3500	100.0000	10.0000	0.0000	300.0000	100.0000	10.0000	2.1475E9	1.3255E12	2.0000	0.0000	0.0600	0.0000	3000.0000	0.0500	1.0000	24.0000	96.0000	150.0	100.0	100.0	0.05000862924279999	1.0	33.83718852138107	0.33837188521381073	100.0	0.0	28.0	355.0	3.55	76.0	1.0	23.0	0.0	10.0	76.0
3	0	3000	1325544780195	0.5000	0.5000	80.0000	150.0000	150.0000	0.0500	0.3500	100.0000	10.0000	0.0000	450.0000	100.0000	10.0000	2.1475E9	1.3255E12	2.0000	0.0000	0.0600	0.0000	3000.0000	0.0500	1.0000	24.0000	96.0000	150.0	100.0	100.0	0.05723634097666998	1.0	31.40647647632983	0.3140647647632983	100.0	0.0	26.0	425.0	4.25	80.0	0.0	20.0	0.0	10.0	124.0
4	0	3000	1325544780936	0.5000	0.5000	80.0000	150.0000	150.0000	0.0500	0.3500	100.0000	10.0000	0.0000	600.0000	100.0000	10.0000	2.1475E9	1.3255E12	2.0000	0.0000	0.0600	0.0000	3000.0000	0.0500	1.0000	24.0000	96.0000	150.0	100.0	100.0	0.052645209064456924	1.0	30.67159511188321	0.3067159511188321	100.0	0.0	30.0	300.0	3.0	87.0	0.0	13.0	0.0	10.0	166.0
5	0	3000	1325544781719	0.5000	0.5000	80.0000	150.0000	150.0000	0.0500	0.3500	100.0000	10.0000	0.0000	750.0000	100.0000	10.0000	2.1475E9	1.3255E12	2.0000	0.0000	0.0600	0.0000	3000.0000	0.0500	1.0000	24.0000	96.0000	150.0	100.0	100.0	0.05097921950459509	1.0	31.12434710865166	0.31124347108651657	100.0	0.0	31.0	291.0	2.91	86.0	0.0	14.0	0.0	10.0	206.0
6	0	3000	1325544782558	0.5000	0.5000	80.0000	150.0000	150.0000	0.0500	0.3500	100.0000	10.0000	0.0000	900.0000	100.0000	10.0000	2.1475E9	1.3255E12	2.0000	0.0000	0.0600	0.0000	3000.0000	0.0500	1.0000	24.0000	96.0000	150.0	100.0	100.0	0.06733106555418535	1.0	27.46602314068606	0.27466023140686063	100.0	0.0	28.0	228.0	2.28	90.0	0.0	10.0	0.0	10.0	242.0
7	0	3000	1325544783428	0.5000	0.5000	80.0000	150.0000	150.0000	0.0500	0.3500	100.0000	10.0000	0.0000	1050.0000	100.0000	10.0000	2.1475E9	1.3255E12	2.0000	0.0000	0.0600	0.0000	3000.0000	0.0500	1.0000	24.0000	96.0000	150.0	100.0	100.0	0.06248914978607543	1.0	33.41969945952667	0.3341969945952667	100.0	0.0	27.0	346.0	3.46	83.0	0.0	17.0	0.0	10.0	292.0
8	0	3000	1325544784350	0.5000	0.5000	80.0000	150.0000	150.0000	0.0500	0.3500	100.0000	10.0000	0.0000	1200.0000	100.0000	10.0000	2.1475E9	1.3255E12	2.0000	0.0000	0.0600	0.0000	3000.0000	0.0500	1.0000	24.0000	96.0000	150.0	100.0	100.0	0.07582510963167396	1.0	31.97978172975462	0.3197978172975462	100.0	0.0	26.0	317.0	3.17	84.0	0.0	16.0	0.0	10.0	331.0
9	0	3000	1325544785314	0.5000	0.5000	80.0000	150.0000	150.0000	0.0500	0.3500	100.0000	10.0000	0.0000	1350.0000	100.0000	10.0000	2.1475E9	1.3255E12	2.0000	0.0000	0.0600	0.0000	3000.0000	0.0500	1.0000	24.0000	96.0000	150.0	100.0	100.0	0.05128847714641532	1.0	29.294391349137072	0.2929439134913707	100.0	0.0	29.0	335.0	3.35	84.0	0.0	16.0	0.0	10.0	376.0
10	0	3000	1325544786327	0.5000	0.5000	80.0000	150.0000	150.0000	0.0500	0.3500	100.0000	10.0000	0.0000	1500.0000	100.0000	10.0000	2.1475E9	1.3255E12	2.0000	0.0000	0.0600	0.0000	3000.0000	0.0500	1.0000	24.0000	96.0000	150.0	100.0	100.0	0.05463262294625309	0.9591623215120819	25.089490783773954	0.25089490783773954	100.0	0.0	32.0	318.0	3.18	88.0	0.0	12.0	0.0	10.0	417.0
11	0	3000	1325544787424	0.5000	0.5000	80.0000	150.0000	150.0000	0.0500	0.3500	100.0000	10.0000	0.0000	1650.0000	100.0000	10.0000	2.1475E9	1.3255E12	2.0000	0.0000	0.0600	0.0000	3000.0000	0.0500	1.0000	24.0000	96.0000	150.0	100.0	100.0	0.052768072895496725	1.0	28.09819974144289	0.2809819974144289	100.0	0.0	31.0	226.0	2.26	88.0	0.0	12.0	0.0	10.0	455.0
12	0	3000	1325544788537	0.5000	0.5000	80.0000	150.0000	150.0000	0.0500	0.3500	100.0000	10.0000	0.0000	1800.0000	100.0000	10.0000	2.1475E9	1.3255E12	2.0000	0.0000	0.0600	0.0000	3000.0000	0.0500	1.0000	24.0000	96.0000	150.0	100.0	100.0	0.052006171736094564	1.0	29.86738385991429	0.2986738385991429	100.0	0.0	29.0	290.0	2.9	84.0	0.0	16.0	0.0	10.0	490.0
13	0	3000	1325544789646	0.5000	0.5000	80.0000	150.0000	150.0000	0.0500	0.3500	100.0000	10.0000	0.0000	1950.0000	100.0000	10.0000	2.1475E9	1.3255E12	2.0000	0.0000	0.0600	0.0000	3000.0000	0.0500	1.0000	24.0000	96.0000	150.0	100.0	100.0	0.050556755148196686	1.0	30.69965246312722	0.3069965246312722	100.0	0.0	31.0	346.0	3.46	84.0	0.0	16.0	0.0	10.0	534.0
14	0	3000	1325544790792	0.5000	0.5000	80.0000	150.0000	150.0000	0.0500	0.3500	100.0000	10.0000	0.0000	2100.0000	100.0000	10.0000	2.1475E9	1.3255E12	2.0000	0.0000	0.0600	0.0000	3000.0000	0.0500	1.0000	24.0000	96.0000	150.0	100.0	100.0	0.0590460784954734	1.0	27.634935992871117	0.2763493599287112	100.0	0.0	30.0	306.0	3.06	84.0	0.0	16.0	0.0	10.0	581.0
15	0	3000	1325544791974	0.5000	0.5000	80.0000	150.0000	150.0000	0.0500	0.3500	100.0000	10.0000	0.0000	2250.0000	100.0000	10.0000	2.1475E9	1.3255E12	2.0000	0.0000	0.0600	0.0000	3000.0000	0.0500	1.0000	24.0000	96.0000	150.0	100.0	100.0	0.056594511845808305	1.0	31.562198195565003	0.31562198195565005	100.0	0.0	30.0	407.0	4.07	80.0	0.0	20.0	0.0	10.0	630.0
16	0	3000	1325544793203	0.5000	0.5000	80.0000	150.0000	150.0000	0.0500	0.3500	100.0000	10.0000	0.0000	2400.0000	100.0000	10.0000	2.1475E9	1.3255E12	2.0000	0.0100	0.0700	0.0000	3000.0000	0.0500	1.0000	24.0000	96.0000	150.0	100.0	100.0	0.0533389615713134	1.0	36.86690565554621	0.3686690565554621	100.0	0.0	30.0	482.0	4.82	73.0	0.0	27.0	0.0	10.0	681.0
17	0	3000	1325544794502	0.5000	0.5000	80.0000	150.0000	150.0000	0.0500	0.3500	100.0000	10.0000	0.0000	2550.0000	100.0000	10.0000	2.1475E9	1.3255E12	2.0000	0.0100	0.0700	0.0000	3000.0000	0.0500	1.0000	24.0000	96.0000	150.0	100.0	100.0	0.05909137967251184	1.0	34.12695641357531	0.34126956413575305	100.0	0.0	32.0	390.0	3.9	83.0	0.0	17.0	0.0	10.0	722.0
18	0	3000	1325544795853	0.5000	0.5000	80.0000	150.0000	150.0000	0.0500	0.3500	100.0000	10.0000	0.0000	2700.0000	100.0000	10.0000	2.1475E9	1.3255E12	2.0000	0.0100	0.0700	0.0000	3000.0000	0.0500	1.0000	24.0000	96.0000	150.0	100.0	100.0	0.05236064843384383	0.8431886771658224	25.05639159627512	0.2505639159627512	100.0	0.0	30.0	206.0	2.06	88.0	0.0	12.0	0.0	10.0	759.0
19	0	3000	1325544797260	0.5000	0.5000	80.0000	150.0000	150.0000	0.0500	0.3500	100.0000	10.0000	0.0000	2850.0000	100.0000	10.0000	2.1475E9	1.3255E12	2.0000	0.0100	0.0700	0.0000	3000.0000	0.0500	1.0000	24.0000	96.0000	150.0	100.0	100.0	0.052623342704388065	1.0	30.932900180916253	0.3093290018091625	100.0	0.0	25.0	260.0	2.6	87.0	0.0	13.0	0.0	10.0	798.0
20	0	3000	1325544798696	0.5000	0.5000	80.0000	150.0000	150.0000	0.0500	0.3500	100.0000	10.0000	0.0000	3000.0000	100.0000	10.0000	2.1475E9	1.3255E12	2.0000	0.0100	0.0700	0.0000	3000.0000	0.0500	1.0000	24.0000	96.0000	150.0	100.0	100.0	0.050058033554939346	1.0	30.263405170617396	0.30263405170617397	100.0	0.0	28.0	366.0	3.66	80.0	0.0	20.0	0.0	10.0	843.0
21	0	3000	1325544800179	0.5000	0.5000	80.0000	150.0000	150.0000	0.0500	0.3500	100.0000	10.0000	0.0000	3150.0000	100.0000	10.0000	2.1475E9	1.3255E12	2.0000	0.0100	0.0700	0.0000	3000.0000	0.0500	1.0000	24.0000	96.0000	150.0	100.0	100.0	0.05259622382735797	1.0	32.27778533609368	0.3227778533609368	100.0	0.0	28.0	356.0	3.56	82.0	0.0	18.0	0.0	10.0	890.0
22	0	3000	1325544801710	0.5000	0.5000	80.0000	150.0000	150.0000	0.0500	0.3500	100.0000	10.0000	0.0000	3300.0000	100.0000	10.0000	2.1475E9	1.3255E12	2.0000	0.0100	0.0700	0.0000	3000.0000	0.0500	1.0000	24.0000	96.0000	150.0	100.0	100.0	0.05081916525837196	1.0	32.717584848820245	0.32717584848820247	100.0	0.0	29.0	347.0	3.47	82.0	0.0	18.0	0.0	10.0	925.0
23	0	3000	1325544803276	0.5000	0.5000	80.0000	150.0000	150.0000	0.0500	0.3500	100.0000	10.0000	0.0000	3450.0000	100.0000	10.0000	2.1475E9	1.3255E12	2.0000	0.0100	0.0700	0.0000	3000.0000	0.0500	1.0000	24.0000	96.0000	150.0	100.0	100.0	0.05451299949176034	1.0	33.1992307627096	0.331992307627096	100.0	0.0	30.0	392.0	3.92	81.0	0.0	19.0	0.0	10.0	966.0
24	0	3000	1325544804875	0.5000	0.5000	80.0000	150.0000	150.0000	0.0500	0.3500	100.0000	10.0000	0.0000	3600.0000	100.0000	10.0000	2.1475E9	1.3255E12	2.0000	0.0100	0.0700	0.0000	3000.0000	0.0500	1.0000	24.0000	96.0000	150.0	100.0	100.0	0.06489860551685298	1.0	37.29175866077624	0.37291758660776236	100.0	0.0	25.0	406.0	4.06	84.0	0.0	16.0	0.0	10.0	1010.0
25	0	3000	1325544806527	0.5000	0.5000	80.0000	150.0000	150.0000	0.0500	0.3500	100.0000	10.0000	0.0000	3750.0000	100.0000	10.0000	2.1475E9	1.3255E12	2.0000	0.0100	0.0700	0.0000	3000.0000	0.0500	1.0000	24.0000	96.0000	150.0	100.0	100.0	0.05047603228112956	1.0	36.16109449634668	0.3616109449634668	100.0	0.0	32.0	363.0	3.63	80.0	0.0	20.0	0.0	10.0	1057.0
26	0	3000	1325544808226	0.5000	0.5000	80.0000	150.0000	150.0000	0.0500	0.3500	100.0000	10.0000	0.0000	3900.0000	100.0000	10.0000	2.1475E9	1.3255E12	2.0000	0.0100	0.0700	0.0000	3000.0000	0.0500	1.0000	24.0000	96.0000	150.0	100.0	100.0	0.05461326790337896	1.0	27.116442857712048	0.2711644285771205	100.0	0.0	28.0	207.0	2.07	87.0	0.0	13.0	0.0	10.0	1099.0
27	0	3000	1325544809989	0.5000	0.5000	80.0000	150.0000	150.0000	0.0500	0.3500	100.0000	10.0000	0.0000	4050.0000	100.0000	10.0000	2.1475E9	1.3255E12	2.0000	0.0100	0.0700	0.0000	3000.0000	0.0500	1.0000	24.0000	96.0000	150.0	100.0	100.0	0.05852978899036676	1.0	30.441109521151116	0.30441109521151116	100.0	0.0	31.0	308.0	3.08	85.0	0.0	15.0	0.0	10.0	1138.0
28	0	3000	1325544811784	0.5000	0.5000	80.0000	150.0000	150.0000	0.0500	0.3500	100.0000	10.0000	0.0000	4200.0000	100.0000	10.0000	2.1475E9	1.3255E12	2.0000	0.0100	0.0700	0.0000	3000.0000	0.0500	1.0000	24.0000	96.0000	150.0	100.0	100.0	0.05179330458082439	1.0	35.23884797475771	0.3523884797475771	100.0	0.0	29.0	463.0	4.63	78.0	0.0	22.0	0.0	10.0	1178.0
29	0	3000	1325544813590	0.5000	0.5000	80.0000	150.0000	150.0000	0.0500	0.3500	100.0000	10.0000	0.0000	4350.0000	100.0000	10.0000	2.1475E9	1.3255E12	2.0000	0.0100	0.0700	0.0000	3000.0000	0.0500	1.0000	24.0000	96.0000	150.0	100.0	100.0	0.05384660266664684	1.0	30.47168316817688	0.30471683168176883	100.0	0.0	26.0	253.0	2.53	87.0	0.0	13.0	0.0	10.0	1213.0
30	0	3000	1325544815451	0.5000	0.5000	80.0000	150.0000	150.0000	0.0500	0.3500	100.0000	10.0000	0.0000	4500.0000	100.0000	10.0000	2.1475E9	1.3255E12	2.0000	0.0100	0.0700	0.0000	3000.0000	0.0500	1.0000	24.0000	96.0000	150.0	100.0	100.0	0.05349623426479599	1.0	33.967443371818305	0.33967443371818307	100.0	0.0	28.0	333.0	3.33	84.0	0.0	16.0	0.0	10.0	1269.0
31	0	3000	1325544817352	0.5000	0.5000	80.0000	150.0000	150.0000	0.0500	0.3500	100.0000	10.0000	0.0000	4650.0000	100.0000	10.0000	2.1475E9	1.3255E12	2.0000	0.0200	0.0800	0.0000	3000.0000	0.0500	1.0000	24.0000	96.0000	150.0	100.0	100.0	0.052520310874578036	1.0	40.89378143314016	0.40893781433140164	100.0	0.0	26.0	442.0	4.42	79.0	0.0	21.0	0.0	10.0	1324.0
32	0	3000	1325544819349	0.5000	0.5000	80.0000	150.0000	150.0000	0.0500	0.3500	100.0000	10.0000	0.0000	4800.0000	100.0000	10.0000	2.1475E9	1.3255E12	2.0000	0.0200	0.0800	0.0000	3000.0000	0.0500	1.0000	24.0000	96.0000	150.0	100.0	100.0	0.05358079903988836	1.0	32.51259467464012	0.3251259467464012	100.0	0.0	28.0	272.0	2.72	84.0	1.0	15.0	0.0	10.0	1368.0
33	0	3000	1325544821391	0.5000	0.5000	80.0000	150.0000	150.0000	0.0500	0.3500	100.0000	10.0000	0.0000	4950.0000	100.0000	10.0000	2.1475E9	1.3255E12	2.0000	0.0200	0.0800	0.0000	3000.0000	0.0500	1.0000	24.0000	96.0000	150.0	100.0	100.0	0.06025945447630539	1.0	37.96981855402422	0.3796981855402422	100.0	0.0	28.0	414.0	4.14	81.0	0.0	19.0	0.0	10.0	1416.0
34	0	3000	1325544823497	0.5000	0.5000	80.0000	150.0000	150.0000	0.0500	0.3500	100.0000	10.0000	0.0000	5100.0000	100.0000	10.0000	2.1475E9	1.3255E12	2.0000	0.0200	0.0800	0.0000	3000.0000	0.0500	1.0000	24.0000	96.0000	150.0	100.0	100.0	0.05076008121714792	1.0	37.643247234435485	0.37643247234435484	100.0	0.0	23.0	299.0	2.99	87.0	0.0	13.0	0.0	10.0	1463.0
35	0	3000	1325544825621	0.5000	0.5000	80.0000	150.0000	150.0000	0.0500	0.3500	100.0000	10.0000	0.0000	5250.0000	100.0000	10.0000	2.1475E9	1.3255E12	2.0000	0.0200	0.0800	0.0000	3000.0000	0.0500	1.0000	24.0000	96.0000	150.0	100.0	100.0	0.05126122724605994	1.0	33.629139719609306	0.3362913971960931	100.0	0.0	28.0	341.0	3.41	82.0	0.0	18.0	0.0	10.0	1502.0
36	0	3000	1325544827844	0.5000	0.5000	80.0000	150.0000	150.0000	0.0500	0.3500	100.0000	10.0000	0.0000	5400.0000	100.0000	10.0000	2.1475E9	1.3255E12	2.0000	0.0200	0.0800	0.0000	3000.0000	0.0500	1.0000	24.0000	96.0000	150.0	100.0	100.0	0.05007773323147954	1.0	33.818671003092405	0.33818671003092404	100.0	0.0	29.0	335.0	3.35	84.0	0.0	16.0	0.0	10.0	1550.0
37	0	3000	1325544830110	0.5000	0.5000	80.0000	150.0000	150.0000	0.0500	0.3500	100.0000	10.0000	0.0000	5550.0000	100.0000	10.0000	2.1475E9	1.3255E12	2.0000	0.0200	0.0800	0.0000	3000.0000	0.0500	1.0000	24.0000	96.0000	150.0	100.0	100.0	0.050298393976112826	1.0	41.82927070362353	0.4182927070362353	100.0	0.0	30.0	475.0	4.75	76.0	0.0	24.0	0.0	10.0	1603.0
38	0	3000	1325544832393	0.5000	0.5000	80.0000	150.0000	150.0000	0.0500	0.3500	100.0000	10.0000	0.0000	5700.0000	100.0000	10.0000	2.1475E9	1.3255E12	2.0000	0.0200	0.0800	0.0000	3000.0000	0.0500	1.0000	24.0000	96.0000	150.0	100.0	100.0	0.05055617127634848	1.0	33.377024943868506	0.33377024943868505	100.0	0.0	30.0	311.0	3.11	84.0	0.0	16.0	0.0	10.0	1648.0
39	0	3000	1325544834721	0.5000	0.5000	80.0000	150.0000	150.0000	0.0500	0.3500	100.0000	10.0000	0.0000	5850.0000	100.0000	10.0000	2.1475E9	1.3255E12	2.0000	0.0200	0.0800	0.0000	3000.0000	0.0500	1.0000	24.0000	96.0000	150.0	100.0	100.0	0.05146333307166068	1.0	33.45513361146947	0.33455133611469473	100.0	0.0	30.0	340.0	3.4	85.0	0.0	15.0	0.0	10.0	1678.0
40	0	3000	1325544837087	0.5000	0.5000	80.0000	150.0000	150.0000	0.0500	0.3500	100.0000	10.0000	0.0000	6000.0000	100.0000	10.0000	2.1475E9	1.3255E12	2.0000	0.0200	0.0800	0.0000	3000.0000	0.0500	1.0000	24.0000	96.0000	150.0	100.0	100.0	0.06188780110431785	1.0	34.591519913443115	0.34591519913443114	100.0	0.0	30.0	386.0	3.86	82.0	0.0	18.0	0.0	10.0	1722.0
41	0	3000	1325544839507	0.5000	0.5000	80.0000	150.0000	150.0000	0.0500	0.3500	100.0000	10.0000	0.0000	6150.0000	100.0000	10.0000	2.1475E9	1.3255E12	2.0000	0.0200	0.0800	0.0000	3000.0000	0.0500	1.0000	24.0000	96.0000	150.0	100.0	100.0	0.051685332091421246	1.0	38.26483869361281	0.38264838693612807	100.0	0.0	30.0	386.0	3.86	80.0	0.0	20.0	0.0	10.0	1769.0
42	0	3000	1325544841973	0.5000	0.5000	80.0000	150.0000	150.0000	0.0500	0.3500	100.0000	10.0000	0.0000	6300.0000	100.0000	10.0000	2.1475E9	1.3255E12	2.0000	0.0200	0.0800	0.0000	3000.0000	0.0500	1.0000	24.0000	96.0000	150.0	100.0	100.0	0.0680900385220338	1.0	34.922278068011515	0.34922278068011514	100.0	0.0	29.0	383.0	3.83	78.0	0.0	22.0	0.0	10.0	1814.0
43	0	3000	1325544844491	0.5000	0.5000	80.0000	150.0000	150.0000	0.0500	0.3500	100.0000	10.0000	0.0000	6450.0000	100.0000	10.0000	2.1475E9	1.3255E12	2.0000	0.0200	0.0800	0.0000	3000.0000	0.0500	1.0000	24.0000	96.0000	150.0	100.0	100.0	0.0560205267034422	1.0	33.44919879697846	0.3344919879697846	100.0	0.0	26.0	335.0	3.35	82.0	0.0	18.0	0.0	10.0	1854.0
44	0	3000	1325544847044	0.5000	0.5000	80.0000	150.0000	150.0000	0.0500	0.3500	100.0000	10.0000	0.0000	6600.0000	100.0000	10.0000	2.1475E9	1.3255E12	2.0000	0.0200	0.0800	0.0000	3000.0000	0.0500	1.0000	24.0000	96.0000	150.0	100.0	100.0	0.051448745219261766	1.0	38.82356142340605	0.3882356142340605	100.0	0.0	27.0	352.0	3.52	81.0	0.0	19.0	0.0	10.0	1906.0
45	0	3000	1325544849651	0.5000	0.5000	80.0000	150.0000	150.0000	0.0500	0.3500	100.0000	10.0000	0.0000	6750.0000	100.0000	10.0000	2.1475E9	1.3255E12	2.0000	0.0200	0.0800	0.0000	3000.0000	0.0500	1.0000	24.0000	96.0000	150.0	100.0	100.0	0.051443331780351154	1.0	32.697331583001144	0.32697331583001144	100.0	0.0	29.0	288.0	2.88	88.0	0.0	12.0	0.0	10.0	1947.0
46	0	3000	1325544852320	0.5000	0.5000	80.0000	150.0000	150.0000	0.0500	0.3500	100.0000	10.0000	0.0000	6900.0000	100.0000	10.0000	2.1475E9	1.3255E12	2.0000	0.0300	0.0900	0.0000	3000.0000	0.0500	1.0000	24.0000	96.0000	150.0	100.0	100.0	0.05312842032316548	1.0	36.58810276575082	0.3658810276575082	100.0	0.0	29.0	295.0	2.95	84.0	0.0	16.0	0.0	10.0	1993.0
47	0	3000	1325544855009	0.5000	0.5000	80.0000	150.0000	150.0000	0.0500	0.3500	100.0000	10.0000	0.0000	7050.0000	100.0000	10.0000	2.1475E9	1.3255E12	2.0000	0.0300	0.0900	0.0000	3000.0000	0.0500	1.0000	24.0000	96.0000	150.0	100.0	100.0	0.05015837330402054	1.0	39.63784539518092	0.39637845395180915	100.0	0.0	28.0	311.0	3.11	84.0	0.0	16.0	0.0	10.0	2037.0
48	0	3000	1325544857752	0.5000	0.5000	80.0000	150.0000	150.0000	0.0500	0.3500	100.0000	10.0000	0.0000	7200.0000	100.0000	10.0000	2.1475E9	1.3255E12	2.0000	0.0300	0.0900	0.0000	3000.0000	0.0500	1.0000	24.0000	96.0000	150.0	100.0	100.0	0.055300320606104916	1.0	40.99439374093462	0.4099439374093462	100.0	0.0	31.0	439.0	4.39	74.0	0.0	26.0	0.0	10.0	2087.0
49	0	3000	1325544860533	0.5000	0.5000	80.0000	150.0000	150.0000	0.0500	0.3500	100.0000	10.0000	0.0000	7350.0000	100.0000	10.0000	2.1475E9	1.3255E12	2.0000	0.0300	0.0900	0.0000	3000.0000	0.0500	1.0000	24.0000	96.0000	150.0	100.0	100.0	0.0516194711816341	1.0	36.55993418999998	0.36559934189999976	100.0	0.0	31.0	327.0	3.27	85.0	0.0	15.0	0.0	10.0	2131.0
50	0	3000	1325544863377	0.5000	0.5000	80.0000	150.0000	150.0000	0.0500	0.3500	100.0000	10.0000	0.0000	7500.0000	100.0000	10.0000	2.1475E9	1.3255E12	2.0000	0.0300	0.0900	0.0000	3000.0000	0.0500	1.0000	24.0000	96.0000	150.0	100.0	100.0	0.05081525227906675	1.0	34.152690145326794	0.3415269014532679	100.0	0.0	20.0	188.0	1.88	89.0	0.0	11.0	0.0	10.0	2170.0
51	0	3000	1325544866271	0.5000	0.5000	80.0000	150.0000	150.0000	0.0500	0.3500	100.0000	10.0000	0.0000	7650.0000	100.0000	10.0000	2.1475E9	1.3255E12	2.0000	0.0300	0.0900	0.0000	3000.0000	0.0500	1.0000	24.0000	96.0000	150.0	100.0	100.0	0.053784938213623436	1.0	38.93429729586248	0.3893429729586248	100.0	0.0	29.0	378.0	3.78	82.0	0.0	18.0	0.0	10.0	2215.0
52	0	3000	1325544869189	0.5000	0.5000	80.0000	150.0000	150.0000	0.0500	0.3500	100.0000	10.0000	0.0000	7800.0000	100.0000	10.0000	2.1475E9	1.3255E12	2.0000	0.0300	0.0900	0.0000	3000.0000	0.0500	1.0000	24.0000	96.0000	150.0	100.0	100.0	0.06115428538380052	1.0	42.13391395567258	0.4213391395567258	100.0	0.0	29.0	514.0	5.14	74.0	0.0	26.0	0.0	10.0	2262.0
53	0	3000	1325544872162	0.5000	0.5000	80.0000	150.0000	150.0000	0.0500	0.3500	100.0000	10.0000	0.0000	7950.0000	100.0000	10.0000	2.1475E9	1.3255E12	2.0000	0.0300	0.0900	0.0000	3000.0000	0.0500	1.0000	24.0000	96.0000	150.0	100.0	100.0	0.05043220646382937	1.0	37.22162249334602	0.3722162249334602	100.0	0.0	27.0	349.0	3.49	85.0	0.0	15.0	0.0	10.0	2308.0
54	0	3000	1325544875166	0.5000	0.5000	80.0000	150.0000	150.0000	0.0500	0.3500	100.0000	10.0000	0.0000	8100.0000	100.0000	10.0000	2.1475E9	1.3255E12	2.0000	0.0300	0.0900	0.0000	3000.0000	0.0500	1.0000	24.0000	96.0000	150.0	100.0	100.0	0.050893409209503804	1.0	38.435184239453136	0.38435184239453135	100.0	0.0	30.0	401.0	4.01	76.0	0.0	24.0	0.0	10.0	2358.0
55	0	3000	1325544878221	0.5000	0.5000	80.0000	150.0000	150.0000	0.0500	0.3500	100.0000	10.0000	0.0000	8250.0000	100.0000	10.0000	2.1475E9	1.3255E12	2.0000	0.0300	0.0900	0.0000	3000.0000	0.0500	1.0000	24.0000	96.0000	150.0	100.0	100.0	0.05833844857409357	1.0	38.94830528820336	0.38948305288203355	100.0	0.0	27.0	353.0	3.53	81.0	0.0	19.0	0.0	10.0	2402.0
56	0	3000	1325544881334	0.5000	0.5000	80.0000	150.0000	150.0000	0.0500	0.3500	100.0000	10.0000	0.0000	8400.0000	100.0000	10.0000	2.1475E9	1.3255E12	2.0000	0.0300	0.0900	0.0000	3000.0000	0.0500	1.0000	24.0000	96.0000	150.0	100.0	100.0	0.062412172417219317	1.0	37.0493875865309	0.37049387586530896	100.0	0.0	28.0	391.0	3.91	82.0	0.0	18.0	0.0	10.0	2439.0
57	0	3000	1325544884496	0.5000	0.5000	80.0000	150.0000	150.0000	0.0500	0.3500	100.0000	10.0000	0.0000	8550.0000	100.0000	10.0000	2.1475E9	1.3255E12	2.0000	0.0300	0.0900	0.0000	3000.0000	0.0500	1.0000	24.0000	96.0000	150.0	100.0	100.0	0.05606937998299793	1.0	36.0737074037865	0.360737074037865	100.0	0.0	27.0	273.0	2.73	84.0	0.0	16.0	0.0	10.0	2480.0
58	0	3000	1325544887730	0.5000	0.5000	80.0000	150.0000	150.0000	0.0500	0.3500	100.0000	10.0000	0.0000	8700.0000	100.0000	10.0000	2.1475E9	1.3255E12	2.0000	0.0300	0.0900	0.0000	3000.0000	0.0500	1.0000	24.0000	96.0000	150.0	100.0	100.0	0.05061302486292238	1.0	33.52635885211334	0.3352635885211334	100.0	0.0	27.0	244.0	2.44	92.0	0.0	8.0	0.0	10.0	2519.0
59	0	3000	1325544890990	0.5000	0.5000	80.0000	150.0000	150.0000	0.0500	0.3500	100.0000	10.0000	0.0000	8850.0000	100.0000	10.0000	2.1475E9	1.3255E12	2.0000	0.0300	0.0900	0.0000	3000.0000	0.0500	1.0000	24.0000	96.0000	150.0	100.0	100.0	0.054842403229950744	1.0	42.00756626231272	0.42007566262312723	100.0	0.0	26.0	356.0	3.56	77.0	0.0	23.0	0.0	10.0	2572.0
60	0	3000	1325544894289	0.5000	0.5000	80.0000	150.0000	150.0000	0.0500	0.3500	100.0000	10.0000	0.0000	9000.0000	100.0000	10.0000	2.1475E9	1.3255E12	2.0000	0.0300	0.0900	0.0000	3000.0000	0.0500	1.0000	24.0000	96.0000	150.0	100.0	100.0	0.05800210549600457	1.0	36.55236863220284	0.3655236863220284	100.0	0.0	30.0	293.0	2.93	83.0	0.0	17.0	0.0	10.0	2617.0
61	0	3000	1325544897634	0.5000	0.5000	80.0000	150.0000	150.0000	0.0500	0.3500	100.0000	10.0000	0.0000	9150.0000	100.0000	10.0000	2.1475E9	1.3255E12	2.0000	0.0400	0.1000	0.0000	3000.0000	0.0500	1.0000	24.0000	96.0000	150.0	100.0	100.0	0.056675364666270614	1.0	41.44924323823148	0.4144924323823148	100.0	0.0	30.0	425.0	4.25	81.0	0.0	19.0	0.0	10.0	2665.0
62	0	3000	1325544901015	0.5000	0.5000	80.0000	150.0000	150.0000	0.0500	0.3500	100.0000	10.0000	0.0000	9300.0000	100.0000	10.0000	2.1475E9	1.3255E12	2.0000	0.0400	0.1000	0.0000	3000.0000	0.0500	1.0000	24.0000	96.0000	150.0	100.0	100.0	0.057894946838463524	1.0	36.35564505760865	0.3635564505760865	100.0	0.0	30.0	276.0	2.76	83.0	0.0	17.0	0.0	10.0	2702.0
63	0	3000	1325544904458	0.5000	0.5000	80.0000	150.0000	150.0000	0.0500	0.3500	100.0000	10.0000	0.0000	9450.0000	100.0000	10.0000	2.1475E9	1.3255E12	2.0000	0.0400	0.1000	0.0000	3000.0000	0.0500	1.0000	24.0000	96.0000	150.0	100.0	100.0	0.05175038920807415	1.0	39.95251378367172	0.39952513783671717	100.0	0.0	30.0	392.0	3.92	81.0	1.0	18.0	0.0	10.0	2755.0
64	0	3000	1325544907939	0.5000	0.5000	80.0000	150.0000	150.0000	0.0500	0.3500	100.0000	10.0000	0.0000	9600.0000	100.0000	10.0000	2.1475E9	1.3255E12	2.0000	0.0400	0.1000	0.0000	3000.0000	0.0500	1.0000	24.0000	96.0000	150.0	100.0	100.0	0.06396913906896687	1.0	36.3139696600508	0.36313969660050804	100.0	0.0	23.0	222.0	2.22	90.0	0.0	10.0	0.0	10.0	2799.0
65	0	3000	1325544911517	0.5000	0.5000	80.0000	150.0000	150.0000	0.0500	0.3500	100.0000	10.0000	0.0000	9750.0000	100.0000	10.0000	2.1475E9	1.3255E12	2.0000	0.0400	0.1000	0.0000	3000.0000	0.0500	1.0000	24.0000	96.0000	150.0	100.0	100.0	0.05736587530524334	1.0	36.778105302000284	0.36778105302000286	100.0	0.0	29.0	314.0	3.14	85.0	0.0	15.0	0.0	10.0	2843.0
66	0	3000	1325544915114	0.5000	0.5000	80.0000	150.0000	150.0000	0.0500	0.3500	100.0000	10.0000	0.0000	9900.0000	100.0000	10.0000	2.1475E9	1.3255E12	2.0000	0.0400	0.1000	0.0000	3000.0000	0.0500	1.0000	24.0000	96.0000	150.0	100.0	100.0	0.060744974840279714	1.0	33.5314073059205	0.335314073059205	100.0	0.0	28.0	201.0	2.01	88.0	0.0	12.0	0.0	10.0	2879.0
67	0	3000	1325544918715	0.5000	0.5000	80.0000	150.0000	150.0000	0.0500	0.3500	100.0000	10.0000	0.0000	10050.0000	100.0000	10.0000	2.1475E9	1.3255E12	2.0000	0.0400	0.1000	0.0000	3000.0000	0.0500	1.0000	24.0000	96.0000	150.0	100.0	100.0	0.05192010884317097	1.0	36.61895692211058	0.3661895692211058	100.0	0.0	27.0	280.0	2.8	79.0	0.0	21.0	0.0	10.0	2922.0
68	0	3000	1325544922401	0.5000	0.5000	80.0000	150.0000	150.0000	0.0500	0.3500	100.0000	10.0000	0.0000	10200.0000	100.0000	10.0000	2.1475E9	1.3255E12	2.0000	0.0400	0.1000	0.0000	3000.0000	0.0500	1.0000	24.0000	96.0000	150.0	100.0	100.0	0.05668879602745474	1.0	44.13545204792844	0.44135452047928436	100.0	0.0	26.0	437.0	4.37	81.0	0.0	19.0	0.0	10.0	2970.0
69	0	3000	1325544926150	0.5000	0.5000	80.0000	150.0000	150.0000	0.0500	0.3500	100.0000	10.0000	0.0000	10350.0000	100.0000	10.0000	2.1475E9	1.3255E12	2.0000	0.0400	0.1000	0.0000	3000.0000	0.0500	1.0000	24.0000	96.0000	150.0	100.0	100.0	0.05173025008662585	1.0	33.668693911936	0.33668693911936004	100.0	0.0	16.0	190.0	1.9	91.0	0.0	9.0	0.0	10.0	3005.0
70	0	3000	1325544929891	0.5000	0.5000	80.0000	150.0000	150.0000	0.0500	0.3500	100.0000	10.0000	0.0000	10500.0000	100.0000	10.0000	2.1475E9	1.3255E12	2.0000	0.0400	0.1000	0.0000	3000.0000	0.0500	1.0000	24.0000	96.0000	150.0	100.0	100.0	0.0656247805687075	1.0	38.26344085269058	0.3826344085269058	100.0	0.0	30.0	292.0	2.92	84.0	0.0	16.0	0.0	10.0	3051.0
71	0	3000	1325544933670	0.5000	0.5000	80.0000	150.0000	150.0000	0.0500	0.3500	100.0000	10.0000	0.0000	10650.0000	100.0000	10.0000	2.1475E9	1.3255E12	2.0000	0.0400	0.1000	0.0000	3000.0000	0.0500	1.0000	24.0000	96.0000	150.0	100.0	100.0	0.0527872186333098	1.0	31.013583689483475	0.31013583689483476	100.0	0.0	28.0	222.0	2.22	88.0	0.0	12.0	0.0	10.0	3088.0
72	0	3000	1325544937520	0.5000	0.5000	80.0000	150.0000	150.0000	0.0500	0.3500	100.0000	10.0000	0.0000	10800.0000	100.0000	10.0000	2.1475E9	1.3255E12	2.0000	0.0400	0.1000	0.0000	3000.0000	0.0500	1.0000	24.0000	96.0000	150.0	100.0	100.0	0.05736118276668865	1.0	31.711258658614188	0.3171125865861419	100.0	0.0	27.0	166.0	1.66	89.0	0.0	11.0	0.0	10.0	3122.0
73	0	3000	1325544941377	0.5000	0.5000	80.0000	150.0000	150.0000	0.0500	0.3500	100.0000	10.0000	0.0000	10950.0000	100.0000	10.0000	2.1475E9	1.3255E12	2.0000	0.0400	0.1000	0.0000	3000.0000	0.0500	1.0000	24.0000	96.0000	150.0	100.0	100.0	0.055079968212883	1.0	37.97279536585996	0.37972795365859957	100.0	0.0	23.0	257.0	2.57	88.0	0.0	12.0	0.0	10.0	3173.0
74	0	3000	1325544945287	0.5000	0.5000	80.0000	150.0000	150.0000	0.0500	0.3500	100.0000	10.0000	0.0000	11100.0000	100.0000	10.0000	2.1475E9	1.3255E12	2.0000	0.0400	0.1000	0.0000	3000.0000	0.0500	1.0000	24.0000	96.0000	150.0	100.0	100.0	0.05027899009881053	1.0	39.71608555581115	0.3971608555581115	100.0	0.0	26.0	310.0	3.1	85.0	0.0	15.0	0.0	10.0	3213.0
75	0	3000	1325544949258	0.5000	0.5000	80.0000	150.0000	150.0000	0.0500	0.3500	100.0000	10.0000	0.0000	11250.0000	100.0000	10.0000	2.1475E9	1.3255E12	2.0000	0.0400	0.1000	0.0000	3000.0000	0.0500	1.0000	24.0000	96.0000	150.0	100.0	100.0	0.0563484081096827	1.0	38.37220599785124	0.3837220599785124	100.0	0.0	29.0	344.0	3.44	80.0	0.0	20.0	0.0	10.0	3256.0
76	0	3000	1325544953254	0.5000	0.5000	80.0000	150.0000	150.0000	0.0500	0.3500	100.0000	10.0000	0.0000	11400.0000	100.0000	10.0000	2.1475E9	1.3255E12	2.0000	0.0500	0.1100	0.0000	3000.0000	0.0500	1.0000	24.0000	96.0000	150.0	100.0	100.0	0.05336666623823505	1.0	36.284994367511686	0.36284994367511686	100.0	0.0	26.0	246.0	2.46	89.0	0.0	11.0	0.0	10.0	3295.0
77	0	3000	1325544957373	0.5000	0.5000	80.0000	150.0000	150.0000	0.0500	0.3500	100.0000	10.0000	0.0000	11550.0000	100.0000	10.0000	2.1475E9	1.3255E12	2.0000	0.0500	0.1100	0.0000	3000.0000	0.0500	1.0000	24.0000	96.0000	150.0	100.0	100.0	0.05138740741328734	1.0	34.10087081305376	0.3410087081305376	100.0	0.0	31.0	269.0	2.69	88.0	0.0	12.0	0.0	10.0	3329.0
78	0	3000	1325544961473	0.5000	0.5000	80.0000	150.0000	150.0000	0.0500	0.3500	100.0000	10.0000	0.0000	11700.0000	100.0000	10.0000	2.1475E9	1.3255E12	2.0000	0.0500	0.1100	0.0000	3000.0000	0.0500	1.0000	24.0000	96.0000	150.0	100.0	100.0	0.0612059775736043	1.0	40.941633191117766	0.40941633191117766	100.0	0.0	25.0	328.0	3.28	83.0	0.0	17.0	0.0	10.0	3372.0
79	0	3000	1325544965586	0.5000	0.5000	80.0000	150.0000	150.0000	0.0500	0.3500	100.0000	10.0000	0.0000	11850.0000	100.0000	10.0000	2.1475E9	1.3255E12	2.0000	0.0500	0.1100	0.0000	3000.0000	0.0500	1.0000	24.0000	96.0000	150.0	100.0	100.0	0.0557595304130154	1.0	38.84940332863164	0.3884940332863164	100.0	0.0	30.0	363.0	3.63	81.0	0.0	19.0	0.0	10.0	3410.0
80	0	3000	1325544969784	0.5000	0.5000	80.0000	150.0000	150.0000	0.0500	0.3500	100.0000	10.0000	0.0000	12000.0000	100.0000	10.0000	2.1475E9	1.3255E12	2.0000	0.0500	0.1100	0.0000	3000.0000	0.0500	1.0000	24.0000	96.0000	150.0	100.0	100.0	0.05255393574875289	1.0	35.14522801318477	0.3514522801318477	100.0	0.0	32.0	221.0	2.21	88.0	0.0	12.0	0.0	10.0	3455.0
81	0	3000	1325544973978	0.5000	0.5000	80.0000	150.0000	150.0000	0.0500	0.3500	100.0000	10.0000	0.0000	12150.0000	100.0000	10.0000	2.1475E9	1.3255E12	2.0000	0.0500	0.1100	0.0000	3000.0000	0.0500	1.0000	24.0000	96.0000	150.0	100.0	100.0	0.05052794887027574	1.0	39.36431336946971	0.3936431336946971	100.0	0.0	22.0	263.0	2.63	88.0	0.0	12.0	0.0	10.0	3509.0
82	0	3000	1325544978241	0.5000	0.5000	80.0000	150.0000	150.0000	0.0500	0.3500	100.0000	10.0000	0.0000	12300.0000	100.0000	10.0000	2.1475E9	1.3255E12	2.0000	0.0500	0.1100	0.0000	3000.0000	0.0500	1.0000	24.0000	96.0000	150.0	100.0	100.0	0.05188743886308848	1.0	41.66279370181711	0.4166279370181711	100.0	0.0	30.0	364.0	3.64	85.0	0.0	15.0	0.0	10.0	3557.0
83	0	3000	1325544982598	0.5000	0.5000	80.0000	150.0000	150.0000	0.0500	0.3500	100.0000	10.0000	0.0000	12450.0000	100.0000	10.0000	2.1475E9	1.3255E12	2.0000	0.0500	0.1100	0.0000	3000.0000	0.0500	1.0000	24.0000	96.0000	150.0	100.0	100.0	0.062436523890782664	1.0	37.87473582228849	0.3787473582228849	100.0	0.0	30.0	311.0	3.11	84.0	1.0	15.0	0.0	10.0	3604.0
84	0	3000	1325544986958	0.5000	0.5000	80.0000	150.0000	150.0000	0.0500	0.3500	100.0000	10.0000	0.0000	12600.0000	100.0000	10.0000	2.1475E9	1.3255E12	2.0000	0.0500	0.1100	0.0000	3000.0000	0.0500	1.0000	24.0000	96.0000	150.0	100.0	100.0	0.05090075173907752	1.0	45.16294076779105	0.4516294076779105	100.0	0.0	28.0	403.0	4.03	81.0	0.0	19.0	0.0	10.0	3653.0
85	0	3000	1325544991424	0.5000	0.5000	80.0000	150.0000	150.0000	0.0500	0.3500	100.0000	10.0000	0.0000	12750.0000	100.0000	10.0000	2.1475E9	1.3255E12	2.0000	0.0500	0.1100	0.0000	3000.0000	0.0500	1.0000	24.0000	96.0000	150.0	100.0	100.0	0.051827796265783294	1.0	42.690731992218765	0.42690731992218767	100.0	0.0	28.0	399.0	3.99	83.0	0.0	17.0	0.0	10.0	3700.0
86	0	3000	1325544995905	0.5000	0.5000	80.0000	150.0000	150.0000	0.0500	0.3500	100.0000	10.0000	0.0000	12900.0000	100.0000	10.0000	2.1475E9	1.3255E12	2.0000	0.0500	0.1100	0.0000	3000.0000	0.0500	1.0000	24.0000	96.0000	150.0	100.0	100.0	0.052774796390838236	1.0	35.63697994814219	0.3563697994814219	100.0	0.0	30.0	301.0	3.01	86.0	0.0	14.0	0.0	10.0	3734.0
87	0	3000	1325545000433	0.5000	0.5000	80.0000	150.0000	150.0000	0.0500	0.3500	100.0000	10.0000	0.0000	13050.0000	100.0000	10.0000	2.1475E9	1.3255E12	2.0000	0.0500	0.1100	0.0000	3000.0000	0.0500	1.0000	24.0000	96.0000	150.0	100.0	100.0	0.05067516671675313	1.0	37.57743618609638	0.3757743618609638	100.0	0.0	20.0	231.0	2.31	88.0	0.0	12.0	0.0	10.0	3779.0
88	0	3000	1325545005034	0.5000	0.5000	80.0000	150.0000	150.0000	0.0500	0.3500	100.0000	10.0000	0.0000	13200.0000	100.0000	10.0000	2.1475E9	1.3255E12	2.0000	0.0500	0.1100	0.0000	3000.0000	0.0500	1.0000	24.0000	96.0000	150.0	100.0	100.0	0.052876990329695575	1.0	38.302561489777176	0.38302561489777176	100.0	0.0	32.0	273.0	2.73	81.0	0.0	19.0	0.0	10.0	3825.0
89	0	3000	1325545009667	0.5000	0.5000	80.0000	150.0000	150.0000	0.0500	0.3500	100.0000	10.0000	0.0000	13350.0000	100.0000	10.0000	2.1475E9	1.3255E12	2.0000	0.0500	0.1100	0.0000	3000.0000	0.0500	1.0000	24.0000	96.0000	150.0	100.0	100.0	0.05103176729878337	1.0	42.302726760285246	0.4230272676028525	100.0	0.0	24.0	356.0	3.56	83.0	0.0	17.0	0.0	10.0	3873.0
90	0	3000	1325545014320	0.5000	0.5000	80.0000	150.0000	150.0000	0.0500	0.3500	100.0000	10.0000	0.0000	13500.0000	100.0000	10.0000	2.1475E9	1.3255E12	2.0000	0.0500	0.1100	0.0000	3000.0000	0.0500	1.0000	24.0000	96.0000	150.0	100.0	100.0	0.05104147599713597	1.0	47.81709246704096	0.47817092467040956	100.0	0.0	23.0	367.0	3.67	83.0	0.0	17.0	0.0	10.0	3931.0
91	0	3000	1325545019032	0.5000	0.5000	80.0000	150.0000	150.0000	0.0500	0.3500	100.0000	10.0000	0.0000	13650.0000	100.0000	10.0000	2.1475E9	1.3255E12	2.0000	0.0600	0.1200	0.0000	3000.0000	0.0500	1.0000	24.0000	96.0000	150.0	100.0	100.0	0.07726238499348127	1.0	48.95197392998686	0.48951973929986864	100.0	0.0	29.0	472.0	4.72	76.0	0.0	24.0	0.0	10.0	3979.0
92	0	3000	1325545023822	0.5000	0.5000	80.0000	150.0000	150.0000	0.0500	0.3500	100.0000	10.0000	0.0000	13800.0000	100.0000	10.0000	2.1475E9	1.3255E12	2.0000	0.0600	0.1200	0.0000	3000.0000	0.0500	1.0000	24.0000	96.0000	150.0	100.0	100.0	0.05280215767230875	1.0	45.443845245720176	0.45443845245720177	100.0	0.0	27.0	370.0	3.7	82.0	0.0	18.0	0.0	10.0	4034.0
93	0	3000	1325545028642	0.5000	0.5000	80.0000	150.0000	150.0000	0.0500	0.3500	100.0000	10.0000	0.0000	13950.0000	100.0000	10.0000	2.1475E9	1.3255E12	2.0000	0.0600	0.1200	0.0000	3000.0000	0.0500	1.0000	24.0000	96.0000	150.0	100.0	100.0	0.051085748808683246	1.0	43.16141431902787	0.4316141431902787	100.0	0.0	31.0	394.0	3.94	83.0	0.0	17.0	0.0	10.0	4084.0
94	0	3000	1325545033579	0.5000	0.5000	80.0000	150.0000	150.0000	0.0500	0.3500	100.0000	10.0000	0.0000	14100.0000	100.0000	10.0000	2.1475E9	1.3255E12	2.0000	0.0600	0.1200	0.0000	3000.0000	0.0500	1.0000	24.0000	96.0000	150.0	100.0	100.0	0.0508101122796793	1.0	41.45919497877354	0.4145919497877354	100.0	0.0	28.0	375.0	3.75	82.0	0.0	18.0	0.0	10.0	4134.0
95	0	3000	1325545038517	0.5000	0.5000	80.0000	150.0000	150.0000	0.0500	0.3500	100.0000	10.0000	0.0000	14250.0000	100.0000	10.0000	2.1475E9	1.3255E12	2.0000	0.0600	0.1200	0.0000	3000.0000	0.0500	1.0000	24.0000	96.0000	150.0	100.0	100.0	0.06222365323137263	1.0	43.33217394186297	0.43332173941862967	100.0	0.0	26.0	353.0	3.53	82.0	0.0	18.0	0.0	10.0	4177.0
96	0	3000	1325545043565	0.5000	0.5000	80.0000	150.0000	150.0000	0.0500	0.3500	100.0000	10.0000	0.0000	14400.0000	100.0000	10.0000	2.1475E9	1.3255E12	2.0000	0.0600	0.1200	0.0000	3000.0000	0.0500	1.0000	24.0000	96.0000	150.0	100.0	100.0	0.06008099808795814	1.0	42.94133465914275	0.4294133465914275	100.0	0.0	27.0	309.0	3.09	83.0	0.0	17.0	0.0	10.0	4229.0
97	0	3000	1325545048583	0.5000	0.5000	80.0000	150.0000	150.0000	0.0500	0.3500	100.0000	10.0000	0.0000	14550.0000	100.0000	10.0000	2.1475E9	1.3255E12	2.0000	0.0600	0.1200	0.0000	3000.0000	0.0500	1.0000	24.0000	96.0000	150.0	100.0	100.0	0.06684228289621001	1.0	38.81352190450621	0.3881352190450621	100.0	0.0	24.0	255.0	2.55	87.0	0.0	13.0	0.0	10.0	4272.0
98	0	3000	1325545053654	0.5000	0.5000	80.0000	150.0000	150.0000	0.0500	0.3500	100.0000	10.0000	0.0000	14700.0000	100.0000	10.0000	2.1475E9	1.3255E12	2.0000	0.0600	0.1200	0.0000	3000.0000	0.0500	1.0000	24.0000	96.0000	150.0	100.0	100.0	0.05122586121608901	1.0	40.582989841410765	0.40582989841410766	100.0	0.0	29.0	381.0	3.81	82.0	0.0	18.0	0.0	10.0	4313.0
99	0	3000	1325545058793	0.5000	0.5000	80.0000	150.0000	150.0000	0.0500	0.3500	100.0000	10.0000	0.0000	14850.0000	100.0000	10.0000	2.1475E9	1.3255E12	2.0000	0.0600	0.1200	0.0000	3000.0000	0.0500	1.0000	24.0000	96.0000	150.0	100.0	100.0	0.053893904054741794	1.0	42.509113505279494	0.42509113505279494	100.0	0.0	31.0	348.0	3.48	82.0	0.0	18.0	0.0	10.0	4357.0
100	0	3000	1325545063980	0.5000	0.5000	80.0000	150.0000	150.0000	0.0500	0.3500	100.0000	10.0000	0.0000	15000.0000	100.0000	10.0000	2.1475E9	1.3255E12	2.0000	0.0600	0.1200	0.0000	3000.0000	0.0500	1.0000	24.0000	96.0000	150.0	100.0	100.0	0.05620607612580332	1.0	43.62240767227316	0.4362240767227316	100.0	0.0	27.0	313.0	3.13	81.0	0.0	19.0	0.0	10.0	4404.0
101	0	3000	1325545069204	0.5000	0.5000	80.0000	150.0000	150.0000	0.0500	0.3500	100.0000	10.0000	0.0000	15150.0000	100.0000	10.0000	2.1475E9	1.3255E12	2.0000	0.0600	0.1200	0.0000	3000.0000	0.0500	1.0000	24.0000	96.0000	150.0	100.0	100.0	0.05216222180240009	1.0	38.57478165498489	0.3857478165498489	100.0	0.0	27.0	284.0	2.84	86.0	0.0	14.0	0.0	10.0	4443.0
102	0	3000	1325545074479	0.5000	0.5000	80.0000	150.0000	150.0000	0.0500	0.3500	100.0000	10.0000	0.0000	15300.0000	100.0000	10.0000	2.1475E9	1.3255E12	2.0000	0.0600	0.1200	0.0000	3000.0000	0.0500	1.0000	24.0000	96.0000	150.0	100.0	100.0	0.05737333116150083	1.0	40.02649373108863	0.4002649373108863	100.0	0.0	30.0	244.0	2.44	88.0	0.0	12.0	0.0	10.0	4483.0
103	0	3000	1325545079782	0.5000	0.5000	80.0000	150.0000	150.0000	0.0500	0.3500	100.0000	10.0000	0.0000	15450.0000	100.0000	10.0000	2.1475E9	1.3255E12	2.0000	0.0600	0.1200	0.0000	3000.0000	0.0500	1.0000	24.0000	96.0000	150.0	100.0	100.0	0.05169089766081569	1.0	37.54185347254224	0.3754185347254224	100.0	0.0	25.0	278.0	2.78	85.0	0.0	15.0	0.0	10.0	4527.0
104	0	3000	1325545085080	0.5000	0.5000	80.0000	150.0000	150.0000	0.0500	0.3500	100.0000	10.0000	0.0000	15600.0000	100.0000	10.0000	2.1475E9	1.3255E12	2.0000	0.0600	0.1200	0.0000	3000.0000	0.0500	1.0000	24.0000	96.0000	150.0	100.0	100.0	0.05269490336878518	1.0	37.73099483808772	0.37730994838087717	100.0	0.0	21.0	246.0	2.46	85.0	0.0	15.0	0.0	10.0	4574.0
105	0	3000	1325545090438	0.5000	0.5000	80.0000	150.0000	150.0000	0.0500	0.3500	100.0000	10.0000	0.0000	15750.0000	100.0000	10.0000	2.1475E9	1.3255E12	2.0000	0.0600	0.1200	0.0000	3000.0000	0.0500	1.0000	24.0000	96.0000	150.0	100.0	100.0	0.055952724822550176	1.0	42.075044971338215	0.42075044971338216	100.0	0.0	26.0	341.0	3.41	81.0	0.0	19.0	0.0	10.0	4618.0
106	0	3000	1325545095869	0.5000	0.5000	80.0000	150.0000	150.0000	0.0500	0.3500	100.0000	10.0000	0.0000	15900.0000	100.0000	10.0000	2.1475E9	1.3255E12	2.0000	0.0700	0.1300	0.0000	3000.0000	0.0500	1.0000	24.0000	96.0000	150.0	100.0	100.0	0.05578732689725078	1.0	41.63611759200024	0.4163611759200024	100.0	0.0	25.0	286.0	2.86	85.0	0.0	15.0	0.0	10.0	4667.0
107	0	3000	1325545101353	0.5000	0.5000	80.0000	150.0000	150.0000	0.0500	0.3500	100.0000	10.0000	0.0000	16050.0000	100.0000	10.0000	2.1475E9	1.3255E12	2.0000	0.0700	0.1300	0.0000	3000.0000	0.0500	1.0000	24.0000	96.0000	150.0	100.0	100.0	0.05459418288444391	1.0	39.764534646342234	0.39764534646342237	100.0	0.0	26.0	273.0	2.73	86.0	1.0	13.0	0.0	10.0	4708.0
108	0	3000	1325545106868	0.5000	0.5000	80.0000	150.0000	150.0000	0.0500	0.3500	100.0000	10.0000	0.0000	16200.0000	100.0000	10.0000	2.1475E9	1.3255E12	2.0000	0.0700	0.1300	0.0000	3000.0000	0.0500	1.0000	24.0000	96.0000	150.0	100.0	100.0	0.050020806508722475	1.0	44.7798797955934	0.447798797955934	100.0	0.0	27.0	278.0	2.78	82.0	0.0	18.0	0.0	10.0	4758.0
109	0	3000	1325545112441	0.5000	0.5000	80.0000	150.0000	150.0000	0.0500	0.3500	100.0000	10.0000	0.0000	16350.0000	100.0000	10.0000	2.1475E9	1.3255E12	2.0000	0.0700	0.1300	0.0000	3000.0000	0.0500	1.0000	24.0000	96.0000	150.0	100.0	100.0	0.054619470115444595	1.0	43.61031095617692	0.4361031095617692	100.0	0.0	24.0	361.0	3.61	83.0	0.0	17.0	0.0	10.0	4800.0
110	0	3000	1325545118077	0.5000	0.5000	80.0000	150.0000	150.0000	0.0500	0.3500	100.0000	10.0000	0.0000	16500.0000	100.0000	10.0000	2.1475E9	1.3255E12	2.0000	0.0700	0.1300	0.0000	3000.0000	0.0500	1.0000	24.0000	96.0000	150.0	100.0	100.0	0.057650047351749015	1.0	38.30688728798938	0.38306887287989383	100.0	0.0	24.0	243.0	2.43	87.0	0.0	13.0	0.0	10.0	4842.0
111	0	3000	1325545123737	0.5000	0.5000	80.0000	150.0000	150.0000	0.0500	0.3500	100.0000	10.0000	0.0000	16650.0000	100.0000	10.0000	2.1475E9	1.3255E12	2.0000	0.0700	0.1300	0.0000	3000.0000	0.0500	1.0000	24.0000	96.0000	150.0	100.0	100.0	0.05064344968882766	1.0	35.624502565066656	0.35624502565066657	100.0	0.0	21.0	204.0	2.04	90.0	0.0	10.0	0.0	10.0	4875.0
112	0	3000	1325545129465	0.5000	0.5000	80.0000	150.0000	150.0000	0.0500	0.3500	100.0000	10.0000	0.0000	16800.0000	100.0000	10.0000	2.1475E9	1.3255E12	2.0000	0.0700	0.1300	0.0000	3000.0000	0.0500	1.0000	24.0000	96.0000	150.0	100.0	100.0	0.05143538610824499	1.0	46.221926935813215	0.4622192693581322	100.0	0.0	29.0	453.0	4.53	81.0	0.0	19.0	0.0	10.0	4921.0
113	0	3000	1325545135240	0.5000	0.5000	80.0000	150.0000	150.0000	0.0500	0.3500	100.0000	10.0000	0.0000	16950.0000	100.0000	10.0000	2.1475E9	1.3255E12	2.0000	0.0700	0.1300	0.0000	3000.0000	0.0500	1.0000	24.0000	96.0000	150.0	100.0	100.0	0.0568306604534236	1.0	42.808945643391915	0.42808945643391916	100.0	0.0	23.0	390.0	3.9	80.0	0.0	20.0	0.0	10.0	4961.0
114	0	3000	1325545141053	0.5000	0.5000	80.0000	150.0000	150.0000	0.0500	0.3500	100.0000	10.0000	0.0000	17100.0000	100.0000	10.0000	2.1475E9	1.3255E12	2.0000	0.0700	0.1300	0.0000	3000.0000	0.0500	1.0000	24.0000	96.0000	150.0	100.0	100.0	0.057464199853094214	1.0	41.278391348038724	0.41278391348038723	100.0	0.0	28.0	351.0	3.51	82.0	0.0	18.0	0.0	10.0	5000.0
115	0	3000	1325545146982	0.5000	0.5000	80.0000	150.0000	150.0000	0.0500	0.3500	100.0000	10.0000	0.0000	17250.0000	100.0000	10.0000	2.1475E9	1.3255E12	2.0000	0.0700	0.1300	0.0000	3000.0000	0.0500	1.0000	24.0000	96.0000	150.0	100.0	100.0	0.05312690482267142	1.0	41.52716673451482	0.4152716673451482	100.0	0.0	30.0	349.0	3.49	82.0	0.0	18.0	0.0	10.0	5041.0
116	0	3000	1325545152894	0.5000	0.5000	80.0000	150.0000	150.0000	0.0500	0.3500	100.0000	10.0000	0.0000	17400.0000	100.0000	10.0000	2.1475E9	1.3255E12	2.0000	0.0700	0.1300	0.0000	3000.0000	0.0500	1.0000	24.0000	96.0000	150.0	100.0	100.0	0.05455598781492652	1.0	40.314984944587586	0.40314984944587584	100.0	0.0	31.0	347.0	3.47	80.0	0.0	20.0	0.0	10.0	5083.0
117	0	3000	1325545158865	0.5000	0.5000	80.0000	150.0000	150.0000	0.0500	0.3500	100.0000	10.0000	0.0000	17550.0000	100.0000	10.0000	2.1475E9	1.3255E12	2.0000	0.0700	0.1300	0.0000	3000.0000	0.0500	1.0000	24.0000	96.0000	150.0	100.0	100.0	0.05735710694669417	1.0	36.35033649186609	0.36350336491866087	100.0	0.0	15.0	182.0	1.82	88.0	0.0	12.0	0.0	10.0	5121.0
118	0	3000	1325545164792	0.5000	0.5000	80.0000	150.0000	150.0000	0.0500	0.3500	100.0000	10.0000	0.0000	17700.0000	100.0000	10.0000	2.1475E9	1.3255E12	2.0000	0.0700	0.1300	0.0000	3000.0000	0.0500	1.0000	24.0000	96.0000	150.0	100.0	100.0	0.055030849112332594	1.0	42.85534129168299	0.4285534129168299	100.0	0.0	27.0	323.0	3.23	84.0	0.0	16.0	0.0	10.0	5167.0
119	0	3000	1325545170809	0.5000	0.5000	80.0000	150.0000	150.0000	0.0500	0.3500	100.0000	10.0000	0.0000	17850.0000	100.0000	10.0000	2.1475E9	1.3255E12	2.0000	0.0700	0.1300	0.0000	3000.0000	0.0500	1.0000	24.0000	96.0000	150.0	100.0	100.0	0.0580327181129035	1.0	36.11942568773191	0.3611942568773191	100.0	0.0	25.0	214.0	2.14	88.0	0.0	12.0	0.0	10.0	5206.0
120	0	3000	1325545176869	0.5000	0.5000	80.0000	150.0000	150.0000	0.0500	0.3500	100.0000	10.0000	0.0000	18000.0000	100.0000	10.0000	2.1475E9	1.3255E12	2.0000	0.0700	0.1300	0.0000	3000.0000	0.0500	1.0000	24.0000	96.0000	150.0	100.0	100.0	0.05006248101051153	1.0	40.01221606834586	0.40012216068345857	100.0	0.0	30.0	297.0	2.97	85.0	0.0	15.0	0.0	10.0	5246.0
121	0	3000	1325545182964	0.5000	0.5000	80.0000	150.0000	150.0000	0.0500	0.3500	100.0000	10.0000	0.0000	18150.0000	100.0000	10.0000	2.1475E9	1.3255E12	2.0000	0.0800	0.1400	0.0000	3000.0000	0.0500	1.0000	24.0000	96.0000	150.0	100.0	100.0	0.057125806278168746	1.0	36.95764777667111	0.3695764777667111	100.0	0.0	31.0	266.0	2.66	89.0	0.0	11.0	0.0	10.0	5281.0
122	0	3000	1325545189114	0.5000	0.5000	80.0000	150.0000	150.0000	0.0500	0.3500	100.0000	10.0000	0.0000	18300.0000	100.0000	10.0000	2.1475E9	1.3255E12	2.0000	0.0800	0.1400	0.0000	3000.0000	0.0500	1.0000	24.0000	96.0000	150.0	100.0	100.0	0.05583834683360918	1.0	41.7274015768685	0.417274015768685	100.0	0.0	31.0	301.0	3.01	82.0	0.0	18.0	0.0	10.0	5322.0
123	0	3000	1325545195300	0.5000	0.5000	80.0000	150.0000	150.0000	0.0500	0.3500	100.0000	10.0000	0.0000	18450.0000	100.0000	10.0000	2.1475E9	1.3255E12	2.0000	0.0800	0.1400	0.0000	3000.0000	0.0500	1.0000	24.0000	96.0000	150.0	100.0	100.0	0.059334347907461275	1.0	44.23626422079763	0.4423626422079763	100.0	0.0	26.0	407.0	4.07	81.0	0.0	19.0	0.0	10.0	5372.0
124	0	3000	1325545201539	0.5000	0.5000	80.0000	150.0000	150.0000	0.0500	0.3500	100.0000	10.0000	0.0000	18600.0000	100.0000	10.0000	2.1475E9	1.3255E12	2.0000	0.0800	0.1400	0.0000	3000.0000	0.0500	1.0000	24.0000	96.0000	150.0	100.0	100.0	0.063194406104998	1.0	40.325257594290996	0.40325257594291	100.0	0.0	30.0	284.0	2.84	88.0	0.0	12.0	0.0	10.0	5415.0
125	0	3000	1325545207801	0.5000	0.5000	80.0000	150.0000	150.0000	0.0500	0.3500	100.0000	10.0000	0.0000	18750.0000	100.0000	10.0000	2.1475E9	1.3255E12	2.0000	0.0800	0.1400	0.0000	3000.0000	0.0500	1.0000	24.0000	96.0000	150.0	100.0	100.0	0.053363684277322423	1.0	41.44258379467591	0.41442583794675913	100.0	0.0	28.0	265.0	2.65	85.0	0.0	15.0	0.0	10.0	5471.0
126	0	3000	1325545214161	0.5000	0.5000	80.0000	150.0000	150.0000	0.0500	0.3500	100.0000	10.0000	0.0000	18900.0000	100.0000	10.0000	2.1475E9	1.3255E12	2.0000	0.0800	0.1400	0.0000	3000.0000	0.0500	1.0000	24.0000	96.0000	150.0	100.0	100.0	0.052410135352324555	1.0	42.95423213233572	0.4295423213233572	100.0	0.0	30.0	325.0	3.25	82.0	0.0	18.0	0.0	10.0	5513.0
127	0	3000	1325545220532	0.5000	0.5000	80.0000	150.0000	150.0000	0.0500	0.3500	100.0000	10.0000	0.0000	19050.0000	100.0000	10.0000	2.1475E9	1.3255E12	2.0000	0.0800	0.1400	0.0000	3000.0000	0.0500	1.0000	24.0000	96.0000	150.0	100.0	100.0	0.060020941790428606	1.0	49.071865928907066	0.49071865928907066	100.0	0.0	29.0	395.0	3.95	75.0	0.0	25.0	0.0	10.0	5564.0
128	0	3000	1325545226994	0.5000	0.5000	80.0000	150.0000	150.0000	0.0500	0.3500	100.0000	10.0000	0.0000	19200.0000	100.0000	10.0000	2.1475E9	1.3255E12	2.0000	0.0800	0.1400	0.0000	3000.0000	0.0500	1.0000	24.0000	96.0000	150.0	100.0	100.0	0.05465706395289042	1.0	42.56746369368129	0.4256746369368129	100.0	0.0	28.0	340.0	3.4	88.0	0.0	12.0	0.0	10.0	5606.0
129	0	3000	1325545233486	0.5000	0.5000	80.0000	150.0000	150.0000	0.0500	0.3500	100.0000	10.0000	0.0000	19350.0000	100.0000	10.0000	2.1475E9	1.3255E12	2.0000	0.0800	0.1400	0.0000	3000.0000	0.0500	1.0000	24.0000	96.0000	150.0	100.0	100.0	0.05492160389560759	1.0	40.39950676688126	0.4039950676688126	100.0	0.0	31.0	243.0	2.43	86.0	0.0	14.0	0.0	10.0	5643.0
130	0	3000	1325545240020	0.5000	0.5000	80.0000	150.0000	150.0000	0.0500	0.3500	100.0000	10.0000	0.0000	19500.0000	100.0000	10.0000	2.1475E9	1.3255E12	2.0000	0.0800	0.1400	0.0000	3000.0000	0.0500	1.0000	24.0000	96.0000	150.0	100.0	100.0	0.06624425475929623	1.0	44.20752539626692	0.44207525396266917	100.0	0.0	29.0	333.0	3.33	85.0	0.0	15.0	0.0	10.0	5696.0
131	0	3000	1325545246609	0.5000	0.5000	80.0000	150.0000	150.0000	0.0500	0.3500	100.0000	10.0000	0.0000	19650.0000	100.0000	10.0000	2.1475E9	1.3255E12	2.0000	0.0800	0.1400	0.0000	3000.0000	0.0500	1.0000	24.0000	96.0000	150.0	100.0	100.0	0.05586488520219869	1.0	40.14216786702963	0.40142167867029627	100.0	0.0	23.0	229.0	2.29	86.0	0.0	14.0	0.0	10.0	5740.0
132	0	3000	1325545253198	0.5000	0.5000	80.0000	150.0000	150.0000	0.0500	0.3500	100.0000	10.0000	0.0000	19800.0000	100.0000	10.0000	2.1475E9	1.3255E12	2.0000	0.0800	0.1400	0.0000	3000.0000	0.0500	1.0000	24.0000	96.0000	150.0	100.0	100.0	0.05165270779189849	1.0	36.891258322033316	0.36891258322033316	100.0	0.0	29.0	260.0	2.6	86.0	0.0	14.0	0.0	10.0	5776.0
133	0	3000	1325545259901	0.5000	0.5000	80.0000	150.0000	150.0000	0.0500	0.3500	100.0000	10.0000	0.0000	19950.0000	100.0000	10.0000	2.1475E9	1.3255E12	2.0000	0.0800	0.1400	0.0000	3000.0000	0.0500	1.0000	24.0000	96.0000	150.0	100.0	100.0	0.05954520303281165	1.0	36.10997046919018	0.3610997046919018	100.0	0.0	29.0	227.0	2.27	90.0	0.0	10.0	0.0	10.0	5806.0
134	0	3000	1325545266594	0.5000	0.5000	80.0000	150.0000	150.0000	0.0500	0.3500	100.0000	10.0000	0.0000	20100.0000	100.0000	10.0000	2.1475E9	1.3255E12	2.0000	0.0800	0.1400	0.0000	3000.0000	0.0500	1.0000	24.0000	96.0000	150.0	100.0	100.0	0.06876221600251982	1.0	43.132246306373084	0.43132246306373084	100.0	0.0	30.0	378.0	3.78	81.0	0.0	19.0	0.0	10.0	5848.0
135	0	3000	1325545273419	0.5000	0.5000	80.0000	150.0000	150.0000	0.0500	0.3500	100.0000	10.0000	0.0000	20250.0000	100.0000	10.0000	2.1475E9	1.3255E12	2.0000	0.0800	0.1400	0.0000	3000.0000	0.0500	1.0000	24.0000	96.0000	150.0	100.0	100.0	0.05340990001785323	1.0	42.84127861841976	0.4284127861841976	100.0	0.0	32.0	444.0	4.44	79.0	0.0	21.0	0.0	10.0	5888.0
136	0	3000	1325545280193	0.5000	0.5000	80.0000	150.0000	150.0000	0.0500	0.3500	100.0000	10.0000	0.0000	20400.0000	100.0000	10.0000	2.1475E9	1.3255E12	2.0000	0.0900	0.1500	0.0000	3000.0000	0.0500	1.0000	24.0000	96.0000	150.0	100.0	100.0	0.051804673681953885	1.0	48.46968329984678	0.4846968329984678	100.0	0.0	24.0	391.0	3.91	80.0	0.0	20.0	0.0	10.0	5938.0
137	0	3000	1325545286969	0.5000	0.5000	80.0000	150.0000	150.0000	0.0500	0.3500	100.0000	10.0000	0.0000	20550.0000	100.0000	10.0000	2.1475E9	1.3255E12	2.0000	0.0900	0.1500	0.0000	3000.0000	0.0500	1.0000	24.0000	96.0000	150.0	100.0	100.0	0.05038496403129005	1.0	43.56070896370884	0.4356070896370884	100.0	0.0	25.0	311.0	3.11	87.0	0.0	13.0	0.0	10.0	5985.0
138	0	3000	1325545293788	0.5000	0.5000	80.0000	150.0000	150.0000	0.0500	0.3500	100.0000	10.0000	0.0000	20700.0000	100.0000	10.0000	2.1475E9	1.3255E12	2.0000	0.0900	0.1500	0.0000	3000.0000	0.0500	1.0000	24.0000	96.0000	150.0	100.0	100.0	0.05015767704880092	1.0	39.36489538782631	0.3936489538782631	100.0	0.0	26.0	315.0	3.15	86.0	0.0	14.0	0.0	10.0	6018.0
139	0	3000	1325545300743	0.5000	0.5000	80.0000	150.0000	150.0000	0.0500	0.3500	100.0000	10.0000	0.0000	20850.0000	100.0000	10.0000	2.1475E9	1.3255E12	2.0000	0.0900	0.1500	0.0000	3000.0000	0.0500	1.0000	24.0000	96.0000	150.0	100.0	100.0	0.06032258642618519	1.0	41.05236079229163	0.4105236079229163	100.0	0.0	32.0	377.0	3.77	81.0	0.0	19.0	0.0	10.0	6059.0
140	0	3000	1325545307805	0.5000	0.5000	80.0000	150.0000	150.0000	0.0500	0.3500	100.0000	10.0000	0.0000	21000.0000	100.0000	10.0000	2.1475E9	1.3255E12	2.0000	0.0900	0.1500	0.0000	3000.0000	0.0500	1.0000	24.0000	96.0000	150.0	100.0	100.0	0.050186261813020355	1.0	40.216704971700906	0.40216704971700906	100.0	0.0	28.0	271.0	2.71	89.0	0.0	11.0	0.0	10.0	6095.0
141	0	3000	1325545314767	0.5000	0.5000	80.0000	150.0000	150.0000	0.0500	0.3500	100.0000	10.0000	0.0000	21150.0000	100.0000	10.0000	2.1475E9	1.3255E12	2.0000	0.0900	0.1500	0.0000	3000.0000	0.0500	1.0000	24.0000	96.0000	150.0	100.0	100.0	0.05374398446785508	1.0	48.953399691615324	0.48953399691615324	100.0	0.0	29.0	438.0	4.38	85.0	0.0	15.0	0.0	10.0	6146.0
142	0	3000	1325545321816	0.5000	0.5000	80.0000	150.0000	150.0000	0.0500	0.3500	100.0000	10.0000	0.0000	21300.0000	100.0000	10.0000	2.1475E9	1.3255E12	2.0000	0.0900	0.1500	0.0000	3000.0000	0.0500	1.0000	24.0000	96.0000	150.0	100.0	100.0	0.059905972295710125	1.0	46.445753714247076	0.46445753714247073	100.0	0.0	30.0	362.0	3.62	83.0	0.0	17.0	0.0	10.0	6197.0
143	0	3000	1325545328945	0.5000	0.5000	80.0000	150.0000	150.0000	0.0500	0.3500	100.0000	10.0000	0.0000	21450.0000	100.0000	10.0000	2.1475E9	1.3255E12	2.0000	0.0900	0.1500	0.0000	3000.0000	0.0500	1.0000	24.0000	96.0000	150.0	100.0	100.0	0.05714800238932427	1.0	40.01355194475323	0.40013551944753234	100.0	0.0	32.0	308.0	3.08	84.0	0.0	16.0	0.0	10.0	6236.0
144	0	3000	1325545336095	0.5000	0.5000	80.0000	150.0000	150.0000	0.0500	0.3500	100.0000	10.0000	0.0000	21600.0000	100.0000	10.0000	2.1475E9	1.3255E12	2.0000	0.0900	0.1500	0.0000	3000.0000	0.0500	1.0000	24.0000	96.0000	150.0	100.0	100.0	0.06806056114503115	1.0	50.556380183141265	0.5055638018314127	100.0	0.0	27.0	401.0	4.01	74.0	0.0	26.0	0.0	10.0	6293.0
145	0	3000	1325545343269	0.5000	0.5000	80.0000	150.0000	150.0000	0.0500	0.3500	100.0000	10.0000	0.0000	21750.0000	100.0000	10.0000	2.1475E9	1.3255E12	2.0000	0.0900	0.1500	0.0000	3000.0000	0.0500	1.0000	24.0000	96.0000	150.0	100.0	100.0	0.05958101957474471	1.0	43.22562266892172	0.4322562266892172	100.0	0.0	31.0	310.0	3.1	86.0	0.0	14.0	0.0	10.0	6341.0
146	0	3000	1325545350509	0.5000	0.5000	80.0000	150.0000	150.0000	0.0500	0.3500	100.0000	10.0000	0.0000	21900.0000	100.0000	10.0000	2.1475E9	1.3255E12	2.0000	0.0900	0.1500	0.0000	3000.0000	0.0500	1.0000	24.0000	96.0000	150.0	100.0	100.0	0.05687079793120492	1.0	45.97171249407398	0.45971712494073974	100.0	0.0	28.0	353.0	3.53	82.0	0.0	18.0	0.0	10.0	6392.0
147	0	3000	1325545357803	0.5000	0.5000	80.0000	150.0000	150.0000	0.0500	0.3500	100.0000	10.0000	0.0000	22050.0000	100.0000	10.0000	2.1475E9	1.3255E12	2.0000	0.0900	0.1500	0.0000	3000.0000	0.0500	1.0000	24.0000	96.0000	150.0	100.0	100.0	0.05241919728869108	1.0	41.15308044139332	0.4115308044139332	100.0	0.0	27.0	338.0	3.38	83.0	0.0	17.0	0.0	10.0	6434.0
148	0	3000	1325545365233	0.5000	0.5000	80.0000	150.0000	150.0000	0.0500	0.3500	100.0000	10.0000	0.0000	22200.0000	100.0000	10.0000	2.1475E9	1.3255E12	2.0000	0.0900	0.1500	0.0000	3000.0000	0.0500	1.0000	24.0000	96.0000	150.0	100.0	100.0	0.05314421927033674	1.0	45.935454770274355	0.45935454770274353	100.0	0.0	32.0	447.0	4.47	82.0	0.0	18.0	0.0	10.0	6481.0
149	0	3000	1325545372697	0.5000	0.5000	80.0000	150.0000	150.0000	0.0500	0.3500	100.0000	10.0000	0.0000	22350.0000	100.0000	10.0000	2.1475E9	1.3255E12	2.0000	0.0900	0.1500	0.0000	3000.0000	0.0500	1.0000	24.0000	96.0000	150.0	100.0	100.0	0.06182930713128226	1.0	41.11418491449848	0.4111418491449848	100.0	0.0	29.0	283.0	2.83	85.0	0.0	15.0	0.0	10.0	6524.0
150	0	3000	1325545380110	0.5000	0.5000	80.0000	150.0000	150.0000	0.0500	0.3500	100.0000	10.0000	0.0000	22500.0000	100.0000	10.0000	2.1475E9	1.3255E12	2.0000	0.0900	0.1500	0.0000	3000.0000	0.0500	1.0000	24.0000	96.0000	150.0	100.0	100.0	0.05939557791967568	1.0	46.171917598449696	0.46171917598449697	100.0	0.0	27.0	294.0	2.94	83.0	0.0	17.0	0.0	10.0	6578.0
151	0	3000	1325545387651	0.5000	0.5000	80.0000	150.0000	150.0000	0.0500	0.3500	100.0000	10.0000	0.0000	22650.0000	100.0000	10.0000	2.1475E9	1.3255E12	2.0000	0.1000	0.1600	0.0000	3000.0000	0.0500	1.0000	24.0000	96.0000	150.0	100.0	100.0	0.06788269932865429	1.0	45.97262108624518	0.45972621086245175	100.0	0.0	30.0	347.0	3.47	82.0	0.0	18.0	0.0	10.0	6621.0
152	0	3000	1325545395160	0.5000	0.5000	80.0000	150.0000	150.0000	0.0500	0.3500	100.0000	10.0000	0.0000	22800.0000	100.0000	10.0000	2.1475E9	1.3255E12	2.0000	0.1000	0.1600	0.0000	3000.0000	0.0500	1.0000	24.0000	96.0000	150.0	100.0	100.0	0.054660771147531984	1.0	44.98451357770455	0.4498451357770455	100.0	0.0	23.0	303.0	3.03	87.0	0.0	13.0	0.0	10.0	6664.0
153	0	3000	1325545402689	0.5000	0.5000	80.0000	150.0000	150.0000	0.0500	0.3500	100.0000	10.0000	0.0000	22950.0000	100.0000	10.0000	2.1475E9	1.3255E12	2.0000	0.1000	0.1600	0.0000	3000.0000	0.0500	1.0000	24.0000	96.0000	150.0	100.0	100.0	0.06147917928107145	1.0	46.570934815977935	0.4657093481597794	100.0	0.0	31.0	501.0	5.01	78.0	0.0	22.0	0.0	10.0	6712.0
154	0	3000	1325545410367	0.5000	0.5000	80.0000	150.0000	150.0000	0.0500	0.3500	100.0000	10.0000	0.0000	23100.0000	100.0000	10.0000	2.1475E9	1.3255E12	2.0000	0.1000	0.1600	0.0000	3000.0000	0.0500	1.0000	24.0000	96.0000	150.0	100.0	100.0	0.05100083356115183	1.0	39.91311399545917	0.3991311399545917	100.0	0.0	31.0	242.0	2.42	92.0	0.0	8.0	0.0	10.0	6752.0
155	0	3000	1325545418015	0.5000	0.5000	80.0000	150.0000	150.0000	0.0500	0.3500	100.0000	10.0000	0.0000	23250.0000	100.0000	10.0000	2.1475E9	1.3255E12	2.0000	0.1000	0.1600	0.0000	3000.0000	0.0500	1.0000	24.0000	96.0000	150.0	100.0	100.0	0.05022648610984992	1.0	36.34532293291955	0.3634532293291955	100.0	0.0	31.0	272.0	2.72	84.0	0.0	16.0	0.0	10.0	6787.0
156	0	3000	1325545425752	0.5000	0.5000	80.0000	150.0000	150.0000	0.0500	0.3500	100.0000	10.0000	0.0000	23400.0000	100.0000	10.0000	2.1475E9	1.3255E12	2.0000	0.1000	0.1600	0.0000	3000.0000	0.0500	1.0000	24.0000	96.0000	150.0	100.0	100.0	0.06697126725612054	1.0	47.63336408782401	0.47633364087824015	100.0	0.0	28.0	331.0	3.31	82.0	0.0	18.0	0.0	10.0	6837.0
157	0	3000	1325545433546	0.5000	0.5000	80.0000	150.0000	150.0000	0.0500	0.3500	100.0000	10.0000	0.0000	23550.0000	100.0000	10.0000	2.1475E9	1.3255E12	2.0000	0.1000	0.1600	0.0000	3000.0000	0.0500	1.0000	24.0000	96.0000	150.0	100.0	100.0	0.05255250348241569	1.0	43.77978759012879	0.43779787590128794	100.0	0.0	31.0	376.0	3.76	83.0	0.0	17.0	0.0	10.0	6876.0
158	0	3000	1325545441384	0.5000	0.5000	80.0000	150.0000	150.0000	0.0500	0.3500	100.0000	10.0000	0.0000	23700.0000	100.0000	10.0000	2.1475E9	1.3255E12	2.0000	0.1000	0.1600	0.0000	3000.0000	0.0500	1.0000	24.0000	96.0000	150.0	100.0	100.0	0.0645150276626572	1.0	41.24433672508603	0.4124433672508603	100.0	0.0	31.0	304.0	3.04	87.0	0.0	13.0	0.0	10.0	6919.0
159	0	3000	1325545449212	0.5000	0.5000	80.0000	150.0000	150.0000	0.0500	0.3500	100.0000	10.0000	0.0000	23850.0000	100.0000	10.0000	2.1475E9	1.3255E12	2.0000	0.1000	0.1600	0.0000	3000.0000	0.0500	1.0000	24.0000	96.0000	150.0	100.0	100.0	0.05326536632028518	1.0	46.630333172761716	0.4663033317276172	100.0	0.0	24.0	372.0	3.72	80.0	0.0	20.0	0.0	10.0	6964.0
160	0	3000	1325545457123	0.5000	0.5000	80.0000	150.0000	150.0000	0.0500	0.3500	100.0000	10.0000	0.0000	24000.0000	100.0000	10.0000	2.1475E9	1.3255E12	2.0000	0.1000	0.1600	0.0000	3000.0000	0.0500	1.0000	24.0000	96.0000	150.0	100.0	100.0	0.05529826255666958	1.0	43.77159116888364	0.4377159116888364	100.0	0.0	21.0	227.0	2.27	85.0	0.0	15.0	0.0	10.0	7006.0
161	0	3000	1325545472681	0.5000	0.5000	80.0000	150.0000	150.0000	0.0500	0.3500	100.0000	10.0000	0.0000	24150.0000	100.0000	10.0000	2.1475E9	1.3255E12	2.0000	0.1000	0.1600	0.0000	3000.0000	0.0500	1.0000	24.0000	96.0000	150.0	100.0	100.0	0.05196721406712376	1.0	48.37022017178941	0.48370220171789413	100.0	0.0	30.0	410.0	4.1	77.0	0.0	23.0	0.0	10.0	7049.0
162	0	3000	1325545480879	0.5000	0.5000	80.0000	150.0000	150.0000	0.0500	0.3500	100.0000	10.0000	0.0000	24300.0000	100.0000	10.0000	2.1475E9	1.3255E12	2.0000	0.1000	0.1600	0.0000	3000.0000	0.0500	1.0000	24.0000	96.0000	150.0	100.0	100.0	0.05182639972149288	1.0	45.410932604617614	0.45410932604617615	100.0	0.0	25.0	363.0	3.63	80.0	0.0	20.0	0.0	10.0	7097.0
163	0	3000	1325545487653	0.5000	0.5000	80.0000	150.0000	150.0000	0.0500	0.3500	100.0000	10.0000	0.0000	24450.0000	100.0000	10.0000	2.1475E9	1.3255E12	2.0000	0.1000	0.1600	0.0000	3000.0000	0.0500	1.0000	24.0000	96.0000	150.0	100.0	100.0	0.05084755160069398	1.0	40.09108537494256	0.4009108537494256	100.0	0.0	28.0	294.0	2.94	83.0	0.0	17.0	0.0	10.0	7135.0
164	0	3000	1325545497477	0.5000	0.5000	80.0000	150.0000	150.0000	0.0500	0.3500	100.0000	10.0000	0.0000	24600.0000	100.0000	10.0000	2.1475E9	1.3255E12	2.0000	0.1000	0.1600	0.0000	3000.0000	0.0500	1.0000	24.0000	96.0000	150.0	100.0	100.0	0.054357739636101465	1.0	41.22427625177072	0.4122427625177072	100.0	0.0	26.0	312.0	3.12	84.0	0.0	16.0	0.0	10.0	7172.0
165	0	3000	1325545505406	0.5000	0.5000	80.0000	150.0000	150.0000	0.0500	0.3500	100.0000	10.0000	0.0000	24750.0000	100.0000	10.0000	2.1475E9	1.3255E12	2.0000	0.1000	0.1600	0.0000	3000.0000	0.0500	1.0000	24.0000	96.0000	150.0	100.0	100.0	0.060083371742118	1.0	40.22874704319518	0.4022874704319518	100.0	0.0	27.0	351.0	3.51	84.0	0.0	16.0	0.0	10.0	7205.0
166	0	3000	1325545513877	0.5000	0.5000	80.0000	150.0000	150.0000	0.0500	0.3500	100.0000	10.0000	0.0000	24900.0000	100.0000	10.0000	2.1475E9	1.3255E12	2.0000	0.1000	0.1700	0.0000	3000.0000	0.0500	1.0000	24.0000	96.0000	150.0	100.0	100.0	0.05182144664263112	1.0	47.416179306464024	0.47416179306464024	100.0	0.0	29.0	388.0	3.88	80.0	0.0	20.0	0.0	10.0	7251.0
167	0	3000	1325545515164	0.5000	0.5000	80.0000	150.0000	150.0000	0.0500	0.3500	100.0000	10.0000	0.0000	25050.0000	100.0000	10.0000	2.1475E9	1.3255E12	2.0000	0.1000	0.1700	0.0000	3000.0000	0.0500	1.0000	24.0000	96.0000	150.0	100.0	100.0	0.06219852381677903	1.0	49.8462899578102	0.49846289957810197	100.0	0.0	32.0	366.0	3.66	79.0	0.0	21.0	0.0	10.0	7303.0
168	0	3000	1325545523747	0.5000	0.5000	80.0000	150.0000	150.0000	0.0500	0.3500	100.0000	10.0000	0.0000	25200.0000	100.0000	10.0000	2.1475E9	1.3255E12	2.0000	0.1000	0.1700	0.0000	3000.0000	0.0500	1.0000	24.0000	96.0000	150.0	100.0	100.0	0.05717302502295421	1.0	49.08425762253545	0.49084257622535454	100.0	0.0	29.0	384.0	3.84	78.0	0.0	22.0	0.0	10.0	7349.0
169	0	3000	1325545532308	0.5000	0.5000	80.0000	150.0000	150.0000	0.0500	0.3500	100.0000	10.0000	0.0000	25350.0000	100.0000	10.0000	2.1475E9	1.3255E12	2.0000	0.1000	0.1700	0.0000	3000.0000	0.0500	1.0000	24.0000	96.0000	150.0	100.0	100.0	0.05147536641480887	1.0	40.051922879882014	0.4005192287988201	100.0	0.0	27.0	256.0	2.56	87.0	0.0	13.0	0.0	10.0	7387.0
170	0	3000	1325545540815	0.5000	0.5000	80.0000	150.0000	150.0000	0.0500	0.3500	100.0000	10.0000	0.0000	25500.0000	100.0000	10.0000	2.1475E9	1.3255E12	2.0000	0.1000	0.1700	0.0000	3000.0000	0.0500	1.0000	24.0000	96.0000	150.0	100.0	100.0	0.050806124990407514	1.0	49.36765683586925	0.4936765683586925	100.0	0.0	28.0	428.0	4.28	81.0	0.0	19.0	0.0	10.0	7435.0
171	0	3000	1325545549449	0.5000	0.5000	80.0000	150.0000	150.0000	0.0500	0.3500	100.0000	10.0000	0.0000	25650.0000	100.0000	10.0000	2.1475E9	1.3255E12	2.0000	0.1000	0.1700	0.0000	3000.0000	0.0500	1.0000	24.0000	96.0000	150.0	100.0	100.0	0.05622657113865592	1.0	45.31604266476845	0.4531604266476845	100.0	0.0	30.0	404.0	4.04	77.0	0.0	23.0	0.0	10.0	7479.0
172	0	3000	1325545558046	0.5000	0.5000	80.0000	150.0000	150.0000	0.0500	0.3500	100.0000	10.0000	0.0000	25800.0000	100.0000	10.0000	2.1475E9	1.3255E12	2.0000	0.1000	0.1700	0.0000	3000.0000	0.0500	1.0000	24.0000	96.0000	150.0	100.0	100.0	0.05340539885175608	1.0	34.272772652508564	0.34272772652508565	100.0	0.0	27.0	127.0	1.27	91.0	0.0	9.0	0.0	10.0	7514.0
173	0	3000	1325545566688	0.5000	0.5000	80.0000	150.0000	150.0000	0.0500	0.3500	100.0000	10.0000	0.0000	25950.0000	100.0000	10.0000	2.1475E9	1.3255E12	2.0000	0.1000	0.1700	0.0000	3000.0000	0.0500	1.0000	24.0000	96.0000	150.0	100.0	100.0	0.06866969779862794	1.0	43.87427481942922	0.43874274819429215	100.0	0.0	26.0	321.0	3.21	84.0	0.0	16.0	0.0	10.0	7556.0
174	0	3000	1325545575469	0.5000	0.5000	80.0000	150.0000	150.0000	0.0500	0.3500	100.0000	10.0000	0.0000	26100.0000	100.0000	10.0000	2.1475E9	1.3255E12	2.0000	0.1000	0.1700	0.0000	3000.0000	0.0500	1.0000	24.0000	96.0000	150.0	100.0	100.0	0.0524595285546184	1.0	43.598423808614235	0.43598423808614234	100.0	0.0	30.0	324.0	3.24	82.0	0.0	18.0	0.0	10.0	7601.0
175	0	3000	1325545584241	0.5000	0.5000	80.0000	150.0000	150.0000	0.0500	0.3500	100.0000	10.0000	0.0000	26250.0000	100.0000	10.0000	2.1475E9	1.3255E12	2.0000	0.1000	0.1700	0.0000	3000.0000	0.0500	1.0000	24.0000	96.0000	150.0	100.0	100.0	0.058812913806112754	1.0	49.03568407028108	0.49035684070281077	100.0	0.0	25.0	444.0	4.44	75.0	0.0	25.0	0.0	10.0	7650.0
176	0	3000	1325545593023	0.5000	0.5000	80.0000	150.0000	150.0000	0.0500	0.3500	100.0000	10.0000	0.0000	26400.0000	100.0000	10.0000	2.1475E9	1.3255E12	2.0000	0.1000	0.1700	0.0000	3000.0000	0.0500	1.0000	24.0000	96.0000	150.0	100.0	100.0	0.05167392979044934	1.0	48.25398809029532	0.48253988090295324	100.0	0.0	30.0	308.0	3.08	84.0	0.0	16.0	0.0	10.0	7700.0
177	0	3000	1325545601693	0.5000	0.5000	80.0000	150.0000	150.0000	0.0500	0.3500	100.0000	10.0000	0.0000	26550.0000	100.0000	10.0000	2.1475E9	1.3255E12	2.0000	0.1000	0.1700	0.0000	3000.0000	0.0500	1.0000	24.0000	96.0000	150.0	100.0	100.0	0.05791934112059782	1.0	41.674849195193815	0.41674849195193814	100.0	0.0	29.0	292.0	2.92	87.0	0.0	13.0	0.0	10.0	7741.0
178	0	3000	1325545610424	0.5000	0.5000	80.0000	150.0000	150.0000	0.0500	0.3500	100.0000	10.0000	0.0000	26700.0000	100.0000	10.0000	2.1475E9	1.3255E12	2.0000	0.1000	0.1700	0.0000	3000.0000	0.0500	1.0000	24.0000	96.0000	150.0	100.0	100.0	0.054983561618259506	1.0	48.513936062460424	0.4851393606246042	100.0	0.0	30.0	451.0	4.51	76.0	0.0	24.0	0.0	10.0	7792.0
179	0	3000	1325545619290	0.5000	0.5000	80.0000	150.0000	150.0000	0.0500	0.3500	100.0000	10.0000	0.0000	26850.0000	100.0000	10.0000	2.1475E9	1.3255E12	2.0000	0.1000	0.1700	0.0000	3000.0000	0.0500	1.0000	24.0000	96.0000	150.0	100.0	100.0	0.05242240712120863	1.0	52.75300228782072	0.5275300228782072	100.0	0.0	29.0	435.0	4.35	82.0	0.0	18.0	0.0	10.0	7844.0
180	0	3000	1325545628182	0.5000	0.5000	80.0000	150.0000	150.0000	0.0500	0.3500	100.0000	10.0000	0.0000	27000.0000	100.0000	10.0000	2.1475E9	1.3255E12	2.0000	0.1000	0.1700	0.0000	3000.0000	0.0500	1.0000	24.0000	96.0000	150.0	100.0	100.0	0.056734240831605644	1.0	39.263278032785536	0.39263278032785537	100.0	0.0	28.0	290.0	2.9	87.0	0.0	13.0	0.0	10.0	7887.0
181	0	3000	1325545637077	0.5000	0.5000	80.0000	150.0000	150.0000	0.0500	0.3500	100.0000	10.0000	0.0000	27150.0000	100.0000	10.0000	2.1475E9	1.3255E12	2.0000	0.1000	0.1800	0.0000	3000.0000	0.0500	1.0000	24.0000	96.0000	150.0	100.0	100.0	0.05500418791977642	1.0	36.518922463896686	0.36518922463896686	100.0	0.0	28.0	258.0	2.58	87.0	0.0	13.0	0.0	10.0	7917.0
182	0	3000	1325545646076	0.5000	0.5000	80.0000	150.0000	150.0000	0.0500	0.3500	100.0000	10.0000	0.0000	27300.0000	100.0000	10.0000	2.1475E9	1.3255E12	2.0000	0.1000	0.1800	0.0000	3000.0000	0.0500	1.0000	24.0000	96.0000	150.0	100.0	100.0	0.05168808841961593	1.0	46.21536152651152	0.4621536152651152	100.0	0.0	29.0	350.0	3.5	87.0	0.0	13.0	0.0	10.0	7963.0
183	0	3000	1325545655018	0.5000	0.5000	80.0000	150.0000	150.0000	0.0500	0.3500	100.0000	10.0000	0.0000	27450.0000	100.0000	10.0000	2.1475E9	1.3255E12	2.0000	0.1000	0.1800	0.0000	3000.0000	0.0500	1.0000	24.0000	96.0000	150.0	100.0	100.0	0.0517047526261577	1.0	48.87687555847904	0.48876875558479044	100.0	0.0	29.0	405.0	4.05	78.0	0.0	22.0	0.0	10.0	8008.0
184	0	3000	1325545664100	0.5000	0.5000	80.0000	150.0000	150.0000	0.0500	0.3500	100.0000	10.0000	0.0000	27600.0000	100.0000	10.0000	2.1475E9	1.3255E12	2.0000	0.1000	0.1800	0.0000	3000.0000	0.0500	1.0000	24.0000	96.0000	150.0	100.0	100.0	0.05733349711212671	1.0	48.32330475705986	0.4832330475705986	100.0	0.0	31.0	386.0	3.86	84.0	0.0	16.0	0.0	10.0	8059.0
185	0	3000	1325545673225	0.5000	0.5000	80.0000	150.0000	150.0000	0.0500	0.3500	100.0000	10.0000	0.0000	27750.0000	100.0000	10.0000	2.1475E9	1.3255E12	2.0000	0.1000	0.1800	0.0000	3000.0000	0.0500	1.0000	24.0000	96.0000	150.0	100.0	100.0	0.058247863776440346	1.0	40.927881724381706	0.40927881724381704	100.0	0.0	32.0	300.0	3.0	88.0	0.0	12.0	0.0	10.0	8093.0
186	0	3000	1325545682401	0.5000	0.5000	80.0000	150.0000	150.0000	0.0500	0.3500	100.0000	10.0000	0.0000	27900.0000	100.0000	10.0000	2.1475E9	1.3255E12	2.0000	0.1000	0.1800	0.0000	3000.0000	0.0500	1.0000	24.0000	96.0000	150.0	100.0	100.0	0.05172234355918166	1.0	43.52591085043141	0.4352591085043141	100.0	0.0	29.0	345.0	3.45	82.0	0.0	18.0	0.0	10.0	8137.0
187	0	3000	1325545691718	0.5000	0.5000	80.0000	150.0000	150.0000	0.0500	0.3500	100.0000	10.0000	0.0000	28050.0000	100.0000	10.0000	2.1475E9	1.3255E12	2.0000	0.1000	0.1800	0.0000	3000.0000	0.0500	1.0000	24.0000	96.0000	150.0	100.0	100.0	0.052312339532847	1.0	42.856755542859275	0.42856755542859276	100.0	0.0	28.0	264.0	2.64	88.0	0.0	12.0	0.0	10.0	8185.0
188	0	3000	1325545701007	0.5000	0.5000	80.0000	150.0000	150.0000	0.0500	0.3500	100.0000	10.0000	0.0000	28200.0000	100.0000	10.0000	2.1475E9	1.3255E12	2.0000	0.1000	0.1800	0.0000	3000.0000	0.0500	1.0000	24.0000	96.0000	150.0	100.0	100.0	0.05593561869545961	1.0	46.56867178759889	0.46568671787598886	100.0	0.0	28.0	317.0	3.17	85.0	0.0	15.0	0.0	10.0	8229.0
189	0	3000	1325545710240	0.5000	0.5000	80.0000	150.0000	150.0000	0.0500	0.3500	100.0000	10.0000	0.0000	28350.0000	100.0000	10.0000	2.1475E9	1.3255E12	2.0000	0.1000	0.1800	0.0000	3000.0000	0.0500	1.0000	24.0000	96.0000	150.0	100.0	100.0	0.05290054522244844	1.0	45.033648313353126	0.45033648313353125	100.0	0.0	28.0	307.0	3.07	83.0	0.0	17.0	0.0	10.0	8278.0
190	0	3000	1325545719566	0.5000	0.5000	80.0000	150.0000	150.0000	0.0500	0.3500	100.0000	10.0000	0.0000	28500.0000	100.0000	10.0000	2.1475E9	1.3255E12	2.0000	0.1000	0.1800	0.0000	3000.0000	0.0500	1.0000	24.0000	96.0000	150.0	100.0	100.0	0.053512282766402186	1.0	40.5653201920618	0.405653201920618	100.0	0.0	27.0	270.0	2.7	85.0	0.0	15.0	0.0	10.0	8312.0
191	0	3000	1325545728994	0.5000	0.5000	80.0000	150.0000	150.0000	0.0500	0.3500	100.0000	10.0000	0.0000	28650.0000	100.0000	10.0000	2.1475E9	1.3255E12	2.0000	0.1000	0.1800	0.0000	3000.0000	0.0500	1.0000	24.0000	96.0000	150.0	100.0	100.0	0.05068701343393567	1.0	44.34660538085864	0.4434660538085864	100.0	0.0	29.0	327.0	3.27	86.0	0.0	14.0	0.0	10.0	8358.0
192	0	3000	1325545738454	0.5000	0.5000	80.0000	150.0000	150.0000	0.0500	0.3500	100.0000	10.0000	0.0000	28800.0000	100.0000	10.0000	2.1475E9	1.3255E12	2.0000	0.1000	0.1800	0.0000	3000.0000	0.0500	1.0000	24.0000	96.0000	150.0	100.0	100.0	0.055571698925569984	1.0	49.78848204800674	0.49788482048006744	100.0	0.0	24.0	331.0	3.31	82.0	0.0	18.0	0.0	10.0	8410.0
193	0	3000	1325545747927	0.5000	0.5000	80.0000	150.0000	150.0000	0.0500	0.3500	100.0000	10.0000	0.0000	28950.0000	100.0000	10.0000	2.1475E9	1.3255E12	2.0000	0.1000	0.1800	0.0000	3000.0000	0.0500	1.0000	24.0000	96.0000	150.0	100.0	100.0	0.058416410083346165	1.0	43.0418065348317	0.430418065348317	100.0	0.0	29.0	305.0	3.05	82.0	0.0	18.0	0.0	10.0	8450.0
194	0	3000	1325545757441	0.5000	0.5000	80.0000	150.0000	150.0000	0.0500	0.3500	100.0000	10.0000	0.0000	29100.0000	100.0000	10.0000	2.1475E9	1.3255E12	2.0000	0.1000	0.1800	0.0000	3000.0000	0.0500	1.0000	24.0000	96.0000	150.0	100.0	100.0	0.05086150925499855	1.0	39.36210641112023	0.3936210641112023	100.0	0.0	29.0	371.0	3.71	85.0	0.0	15.0	0.0	10.0	8487.0
195	0	3000	1325545767176	0.5000	0.5000	80.0000	150.0000	150.0000	0.0500	0.3500	100.0000	10.0000	0.0000	29250.0000	100.0000	10.0000	2.1475E9	1.3255E12	2.0000	0.1000	0.1800	0.0000	3000.0000	0.0500	1.0000	24.0000	96.0000	150.0	100.0	100.0	0.05186450531172429	1.0	45.63171755916856	0.45631717559168555	100.0	0.0	28.0	399.0	3.99	81.0	0.0	19.0	0.0	10.0	8533.0
196	0	3000	1325545776861	0.5000	0.5000	80.0000	150.0000	150.0000	0.0500	0.3500	100.0000	10.0000	0.0000	29400.0000	100.0000	10.0000	2.1475E9	1.3255E12	2.0000	0.1000	0.1900	0.0000	3000.0000	0.0500	1.0000	24.0000	96.0000	150.0	100.0	100.0	0.05040761498006471	1.0	44.157538896499574	0.44157538896499576	100.0	0.0	28.0	342.0	3.42	84.0	0.0	16.0	0.0	10.0	8575.0
197	0	3000	1325545786615	0.5000	0.5000	80.0000	150.0000	150.0000	0.0500	0.3500	100.0000	10.0000	0.0000	29550.0000	100.0000	10.0000	2.1475E9	1.3255E12	2.0000	0.1000	0.1900	0.0000	3000.0000	0.0500	1.0000	24.0000	96.0000	150.0	100.0	100.0	0.050743873443851284	1.0	39.388326191468664	0.39388326191468664	100.0	0.0	32.0	280.0	2.8	88.0	0.0	12.0	0.0	10.0	8608.0
198	0	3000	1325545796302	0.5000	0.5000	80.0000	150.0000	150.0000	0.0500	0.3500	100.0000	10.0000	0.0000	29700.0000	100.0000	10.0000	2.1475E9	1.3255E12	2.0000	0.1000	0.1900	0.0000	3000.0000	0.0500	1.0000	24.0000	96.0000	150.0	100.0	100.0	0.061623880446106664	1.0	51.07210323090403	0.5107210323090403	100.0	0.0	28.0	430.0	4.3	77.0	0.0	23.0	0.0	10.0	8659.0
199	0	3000	1325545806061	0.5000	0.5000	80.0000	150.0000	150.0000	0.0500	0.3500	100.0000	10.0000	0.0000	29850.0000	100.0000	10.0000	2.1475E9	1.3255E12	2.0000	0.1000	0.1900	0.0000	3000.0000	0.0500	1.0000	24.0000	96.0000	150.0	100.0	100.0	0.06406032824871566	1.0	51.412799497895044	0.5141279949789505	100.0	0.0	28.0	533.0	5.33	77.0	0.0	23.0	0.0	10.0	8714.0
200	0	3000	1325545815873	0.5000	0.5000	80.0000	150.0000	150.0000	0.0500	0.3500	100.0000	10.0000	0.0000	30000.0000	100.0000	10.0000	2.1475E9	1.3255E12	2.0000	0.1000	0.1900	0.0000	3000.0000	0.0500	1.0000	24.0000	96.0000	150.0	100.0	100.0	0.052857688531631676	1.0	52.35453031619973	0.5235453031619973	100.0	0.0	30.0	370.0	3.7	78.0	0.0	22.0	0.0	10.0	8772.0
201	0	3000	1325545825679	0.5000	0.5000	80.0000	150.0000	150.0000	0.0500	0.3500	100.0000	10.0000	0.0000	30150.0000	100.0000	10.0000	2.1475E9	1.3255E12	2.0000	0.1000	0.1900	0.0000	3000.0000	0.0500	1.0000	24.0000	96.0000	150.0	100.0	100.0	0.050804107504399856	1.0	39.70762620508457	0.39707626205084573	100.0	0.0	30.0	220.0	2.2	90.0	0.0	10.0	0.0	10.0	8806.0
202	0	3000	1325545835657	0.5000	0.5000	80.0000	150.0000	150.0000	0.0500	0.3500	100.0000	10.0000	0.0000	30300.0000	100.0000	10.0000	2.1475E9	1.3255E12	2.0000	0.1000	0.1900	0.0000	3000.0000	0.0500	1.0000	24.0000	96.0000	150.0	100.0	100.0	0.050648483811003175	1.0	46.74380390469639	0.4674380390469639	100.0	0.0	25.0	371.0	3.71	81.0	0.0	19.0	0.0	10.0	8852.0
203	0	3000	1325545845566	0.5000	0.5000	80.0000	150.0000	150.0000	0.0500	0.3500	100.0000	10.0000	0.0000	30450.0000	100.0000	10.0000	2.1475E9	1.3255E12	2.0000	0.1000	0.1900	0.0000	3000.0000	0.0500	1.0000	24.0000	96.0000	150.0	100.0	100.0	0.050373438366222434	1.0	44.695762603203335	0.4469576260320334	100.0	0.0	29.0	289.0	2.89	88.0	0.0	12.0	0.0	10.0	8898.0
204	0	3000	1325545855567	0.5000	0.5000	80.0000	150.0000	150.0000	0.0500	0.3500	100.0000	10.0000	0.0000	30600.0000	100.0000	10.0000	2.1475E9	1.3255E12	2.0000	0.1000	0.1900	0.0000	3000.0000	0.0500	1.0000	24.0000	96.0000	150.0	100.0	100.0	0.05145677840564855	1.0	50.80408222396983	0.5080408222396983	100.0	0.0	30.0	376.0	3.76	78.0	0.0	22.0	0.0	10.0	8951.0
205	0	3000	1325545866099	0.5000	0.5000	80.0000	150.0000	150.0000	0.0500	0.3500	100.0000	10.0000	0.0000	30750.0000	100.0000	10.0000	2.1475E9	1.3255E12	2.0000	0.1000	0.1900	0.0000	3000.0000	0.0500	1.0000	24.0000	96.0000	150.0	100.0	100.0	0.057908210406415944	1.0	40.17395601202853	0.40173956012028533	100.0	0.0	27.0	290.0	2.9	83.0	0.0	17.0	0.0	10.0	8990.0
206	0	3000	1325545876257	0.5000	0.5000	80.0000	150.0000	150.0000	0.0500	0.3500	100.0000	10.0000	0.0000	30900.0000	100.0000	10.0000	2.1475E9	1.3255E12	2.0000	0.1000	0.1900	0.0000	3000.0000	0.0500	1.0000	24.0000	96.0000	150.0	100.0	100.0	0.05169758515714547	1.0	42.09828561236287	0.42098285612362873	100.0	0.0	29.0	272.0	2.72	90.0	0.0	10.0	0.0	10.0	9033.0
207	0	3000	1325545886399	0.5000	0.5000	80.0000	150.0000	150.0000	0.0500	0.3500	100.0000	10.0000	0.0000	31050.0000	100.0000	10.0000	2.1475E9	1.3255E12	2.0000	0.1000	0.1900	0.0000	3000.0000	0.0500	1.0000	24.0000	96.0000	150.0	100.0	100.0	0.055707810832321306	1.0	42.243822605174735	0.42243822605174736	100.0	0.0	30.0	270.0	2.7	87.0	0.0	13.0	0.0	10.0	9075.0
208	0	3000	1325545896707	0.5000	0.5000	80.0000	150.0000	150.0000	0.0500	0.3500	100.0000	10.0000	0.0000	31200.0000	100.0000	10.0000	2.1475E9	1.3255E12	2.0000	0.1000	0.1900	0.0000	3000.0000	0.0500	1.0000	24.0000	96.0000	150.0	100.0	100.0	0.052839084889628574	1.0	45.675187502397705	0.45675187502397707	100.0	0.0	28.0	292.0	2.92	81.0	0.0	19.0	0.0	10.0	9127.0
209	0	3000	1325545906871	0.5000	0.5000	80.0000	150.0000	150.0000	0.0500	0.3500	100.0000	10.0000	0.0000	31350.0000	100.0000	10.0000	2.1475E9	1.3255E12	2.0000	0.1000	0.1900	0.0000	3000.0000	0.0500	1.0000	24.0000	96.0000	150.0	100.0	100.0	0.05360089962574038	1.0	41.06747702795484	0.41067477027954835	100.0	0.0	29.0	324.0	3.24	86.0	0.0	14.0	0.0	10.0	9168.0
210	0	3000	1325545917149	0.5000	0.5000	80.0000	150.0000	150.0000	0.0500	0.3500	100.0000	10.0000	0.0000	31500.0000	100.0000	10.0000	2.1475E9	1.3255E12	2.0000	0.1000	0.1900	0.0000	3000.0000	0.0500	1.0000	24.0000	96.0000	150.0	100.0	100.0	0.0548419577683196	1.0	42.689040265023635	0.42689040265023637	100.0	0.0	25.0	261.0	2.61	87.0	0.0	13.0	0.0	10.0	9206.0
