Run	Start Period	Stop Period	Seed	Biased Region X	Biased Region Y	District Height	District Width	Home Count	Initial Interest Minimum	Initial Interest Maximum	Learner Count	Learning Resource Count	Lot Count	Next Home ID	Next Learner ID	Next Resource ID	Pause Period	Random Seed	Regular YCount	Resource Efficacy Minimum	Resource Efficacy Maximum	Start Period	Stop Period	Subsequent Engagement Factor	Thread Count	Time Segments Wandering	Time Segmentsin Day	Count Homes Population	Count Learners Population	Count Learner Learning Interest	Minimum Learner Learning Interest	Maximum Learner Learning Interest	Sum Learner Learning Interest	Average Learner Learning Interest	Count Learner Resource Engagements	Minimum Learner Resource Engagements	Maximum Learner Resource Engagements	Sum Learner Resource Engagements	Average Learner Resource Engagements	Count Learner Not Interested Behavior	Count Learner Seeking Resource Behavior	Count Learner Found Resource Behavior	Count Learner At Home Behavior	Count Learning Resources Population	Count Resource Interactions Population
1	0	5000	1325550460887	0.1000	1.0000	80.0000	150.0000	150.0000	0.0500	0.3500	100.0000	10.0000	0.0000	150.0000	100.0000	10.0000	2.1475E9	1.3256E12	2.0000	0.0200	0.0900	0.0000	5000.0000	0.0500	1.0000	24.0000	96.0000	150.0	100.0	100.0	0.05090724301640728	1.0	41.319570608047066	0.4131957060804707	100.0	0.0	48.0	739.0	7.39	77.0	6.0	17.0	0.0	10.0	49.0
2	0	5000	1325550461738	0.1000	1.0000	80.0000	150.0000	150.0000	0.0500	0.3500	100.0000	10.0000	0.0000	300.0000	100.0000	10.0000	2.1475E9	1.3256E12	2.0000	0.0200	0.0900	0.0000	5000.0000	0.0500	1.0000	24.0000	96.0000	150.0	100.0	100.0	0.055342708482904436	1.0	38.66101632103767	0.3866101632103767	100.0	0.0	48.0	501.0	5.01	81.0	5.0	14.0	0.0	10.0	88.0
3	0	5000	1325550462608	0.1000	1.0000	80.0000	150.0000	150.0000	0.0500	0.3500	100.0000	10.0000	0.0000	450.0000	100.0000	10.0000	2.1475E9	1.3256E12	2.0000	0.0200	0.0900	0.0000	5000.0000	0.0500	1.0000	24.0000	96.0000	150.0	100.0	100.0	0.05114498115112065	1.0	39.06923214512509	0.39069232145125093	100.0	0.0	49.0	644.0	6.44	80.0	3.0	17.0	0.0	10.0	133.0
4	0	5000	1325550463444	0.1000	1.0000	80.0000	150.0000	150.0000	0.0500	0.3500	100.0000	10.0000	0.0000	600.0000	100.0000	10.0000	2.1475E9	1.3256E12	2.0000	0.0200	0.0900	0.0000	5000.0000	0.0500	1.0000	24.0000	96.0000	150.0	100.0	100.0	0.05558271720179952	1.0	46.684479342418854	0.46684479342418855	100.0	0.0	52.0	893.0	8.93	72.0	9.0	19.0	0.0	10.0	186.0
5	0	5000	1325550464332	0.1000	1.0000	80.0000	150.0000	150.0000	0.0500	0.3500	100.0000	10.0000	0.0000	750.0000	100.0000	10.0000	2.1475E9	1.3256E12	2.0000	0.0200	0.0900	0.0000	5000.0000	0.0500	1.0000	24.0000	96.0000	150.0	100.0	100.0	0.0561024390497471	1.0	47.58181977147591	0.4758181977147591	100.0	0.0	50.0	850.0	8.5	70.0	11.0	19.0	0.0	10.0	242.0
6	0	5000	1325550465272	0.1000	1.0000	80.0000	150.0000	150.0000	0.0500	0.3500	100.0000	10.0000	0.0000	900.0000	100.0000	10.0000	2.1475E9	1.3256E12	2.0000	0.0200	0.0900	0.0000	5000.0000	0.0500	1.0000	24.0000	96.0000	150.0	100.0	100.0	0.050935062618160026	1.0	40.99676191657573	0.4099676191657573	100.0	0.0	48.0	784.0	7.84	71.0	12.0	17.0	0.0	10.0	296.0
7	0	5000	1325550466277	0.1000	1.0000	80.0000	150.0000	150.0000	0.0500	0.3500	100.0000	10.0000	0.0000	1050.0000	100.0000	10.0000	2.1475E9	1.3256E12	2.0000	0.0200	0.0900	0.0000	5000.0000	0.0500	1.0000	24.0000	96.0000	150.0	100.0	100.0	0.05220740357048287	1.0	42.14659488004125	0.4214659488004125	100.0	0.0	49.0	665.0	6.65	79.0	5.0	16.0	0.0	10.0	348.0
8	0	5000	1325550467312	0.1000	1.0000	80.0000	150.0000	150.0000	0.0500	0.3500	100.0000	10.0000	0.0000	1200.0000	100.0000	10.0000	2.1475E9	1.3256E12	2.0000	0.0200	0.0900	0.0000	5000.0000	0.0500	1.0000	24.0000	96.0000	150.0	100.0	100.0	0.0530883331600917	1.0	46.6023852239622	0.466023852239622	100.0	0.0	52.0	866.0	8.66	72.0	7.0	21.0	0.0	10.0	399.0
9	0	5000	1325550468420	0.1000	1.0000	80.0000	150.0000	150.0000	0.0500	0.3500	100.0000	10.0000	0.0000	1350.0000	100.0000	10.0000	2.1475E9	1.3256E12	2.0000	0.0200	0.0900	0.0000	5000.0000	0.0500	1.0000	24.0000	96.0000	150.0	100.0	100.0	0.059513215308797364	1.0	50.821449857839525	0.5082144985783953	100.0	0.0	49.0	898.0	8.98	68.0	8.0	24.0	0.0	10.0	453.0
10	0	5000	1325550469585	0.1000	1.0000	80.0000	150.0000	150.0000	0.0500	0.3500	100.0000	10.0000	0.0000	1500.0000	100.0000	10.0000	2.1475E9	1.3256E12	2.0000	0.0200	0.0900	0.0000	5000.0000	0.0500	1.0000	24.0000	96.0000	150.0	100.0	100.0	0.05380105991774782	1.0	43.76948620540508	0.4376948620540508	100.0	0.0	50.0	801.0	8.01	75.0	10.0	15.0	0.0	10.0	512.0
11	0	5000	1325550470810	0.1000	1.0000	80.0000	150.0000	150.0000	0.0500	0.3500	100.0000	10.0000	0.0000	1650.0000	100.0000	10.0000	2.1475E9	1.3256E12	2.0000	0.0200	0.0900	0.0000	5000.0000	0.0500	1.0000	24.0000	96.0000	150.0	100.0	100.0	0.05357585546673969	1.0	41.56816889018325	0.4156816889018325	100.0	0.0	51.0	717.0	7.17	77.0	7.0	16.0	0.0	10.0	555.0
12	0	5000	1325550472092	0.1000	1.0000	80.0000	150.0000	150.0000	0.0500	0.3500	100.0000	10.0000	0.0000	1800.0000	100.0000	10.0000	2.1475E9	1.3256E12	2.0000	0.0200	0.0900	0.0000	5000.0000	0.0500	1.0000	24.0000	96.0000	150.0	100.0	100.0	0.055805125544112	1.0	43.95276812378756	0.43952768123787556	100.0	0.0	47.0	722.0	7.22	75.0	7.0	18.0	0.0	10.0	599.0
13	0	5000	1325550473420	0.1000	1.0000	80.0000	150.0000	150.0000	0.0500	0.3500	100.0000	10.0000	0.0000	1950.0000	100.0000	10.0000	2.1475E9	1.3256E12	2.0000	0.0200	0.0900	0.0000	5000.0000	0.0500	1.0000	24.0000	96.0000	150.0	100.0	100.0	0.05273719784333833	1.0	44.24591322677284	0.4424591322677284	100.0	0.0	51.0	811.0	8.11	74.0	3.0	23.0	0.0	10.0	649.0
14	0	5000	1325550474798	0.1000	1.0000	80.0000	150.0000	150.0000	0.0500	0.3500	100.0000	10.0000	0.0000	2100.0000	100.0000	10.0000	2.1475E9	1.3256E12	2.0000	0.0200	0.0900	0.0000	5000.0000	0.0500	1.0000	24.0000	96.0000	150.0	100.0	100.0	0.05868069918070954	1.0	45.6409923264263	0.456409923264263	100.0	0.0	50.0	831.0	8.31	72.0	9.0	19.0	0.0	10.0	701.0
15	0	5000	1325550476237	0.1000	1.0000	80.0000	150.0000	150.0000	0.0500	0.3500	100.0000	10.0000	0.0000	2250.0000	100.0000	10.0000	2.1475E9	1.3256E12	2.0000	0.0200	0.0900	0.0000	5000.0000	0.0500	1.0000	24.0000	96.0000	150.0	100.0	100.0	0.05264020924062188	1.0	47.359537869742354	0.4735953786974235	100.0	0.0	50.0	994.0	9.94	71.0	6.0	23.0	0.0	10.0	754.0
16	0	5000	1325550477735	0.1000	1.0000	80.0000	150.0000	150.0000	0.0500	0.3500	100.0000	10.0000	0.0000	2400.0000	100.0000	10.0000	2.1475E9	1.3256E12	2.0000	0.0200	0.0900	0.0000	5000.0000	0.0500	1.0000	24.0000	96.0000	150.0	100.0	100.0	0.051514534476786826	1.0	45.98978725631326	0.4598978725631326	100.0	0.0	48.0	897.0	8.97	66.0	12.0	22.0	0.0	10.0	802.0
17	0	5000	1325550479259	0.1000	1.0000	80.0000	150.0000	150.0000	0.0500	0.3500	100.0000	10.0000	0.0000	2550.0000	100.0000	10.0000	2.1475E9	1.3256E12	2.0000	0.0200	0.0900	0.0000	5000.0000	0.0500	1.0000	24.0000	96.0000	150.0	100.0	100.0	0.0533028224709055	1.0	40.98911723173336	0.4098911723173336	100.0	0.0	53.0	897.0	8.97	72.0	4.0	24.0	0.0	10.0	853.0
18	0	5000	1325550480838	0.1000	1.0000	80.0000	150.0000	150.0000	0.0500	0.3500	100.0000	10.0000	0.0000	2700.0000	100.0000	10.0000	2.1475E9	1.3256E12	2.0000	0.0200	0.0900	0.0000	5000.0000	0.0500	1.0000	24.0000	96.0000	150.0	100.0	100.0	0.05038704054725456	1.0	47.9198226122431	0.479198226122431	100.0	0.0	49.0	867.0	8.67	70.0	7.0	23.0	0.0	10.0	906.0
19	0	5000	1325550482467	0.1000	1.0000	80.0000	150.0000	150.0000	0.0500	0.3500	100.0000	10.0000	0.0000	2850.0000	100.0000	10.0000	2.1475E9	1.3256E12	2.0000	0.0200	0.0900	0.0000	5000.0000	0.0500	1.0000	24.0000	96.0000	150.0	100.0	100.0	0.07387229695801956	1.0	44.7163150593557	0.447163150593557	100.0	0.0	48.0	865.0	8.65	72.0	12.0	16.0	0.0	10.0	960.0
20	0	5000	1325550484159	0.1000	1.0000	80.0000	150.0000	150.0000	0.0500	0.3500	100.0000	10.0000	0.0000	3000.0000	100.0000	10.0000	2.1475E9	1.3256E12	2.0000	0.0200	0.0900	0.0000	5000.0000	0.0500	1.0000	24.0000	96.0000	150.0	100.0	100.0	0.05594785680305773	1.0	40.118834521319855	0.40118834521319857	100.0	0.0	50.0	690.0	6.9	78.0	5.0	17.0	0.0	10.0	1004.0
21	0	5000	1325550485937	0.1000	1.0000	80.0000	150.0000	150.0000	0.0500	0.3500	100.0000	10.0000	0.0000	3150.0000	100.0000	10.0000	2.1475E9	1.3256E12	2.0000	0.0200	0.0900	0.0000	5000.0000	0.0500	1.0000	24.0000	96.0000	150.0	100.0	100.0	0.06054237808622492	1.0	52.9656328168244	0.529656328168244	100.0	0.0	49.0	1027.0	10.27	65.0	10.0	25.0	0.0	10.0	1069.0
22	0	5000	1325550487763	0.3000	1.0000	80.0000	150.0000	150.0000	0.0500	0.3500	100.0000	10.0000	0.0000	3300.0000	100.0000	10.0000	2.1475E9	1.3256E12	2.0000	0.0200	0.0900	0.0000	5000.0000	0.0500	1.0000	24.0000	96.0000	150.0	100.0	100.0	0.05082082572846541	1.0	44.76283629231643	0.44762836292316427	100.0	0.0	50.0	767.0	7.67	75.0	7.0	18.0	0.0	10.0	1120.0
23	0	5000	1325550489596	0.3000	1.0000	80.0000	150.0000	150.0000	0.0500	0.3500	100.0000	10.0000	0.0000	3450.0000	100.0000	10.0000	2.1475E9	1.3256E12	2.0000	0.0200	0.0900	0.0000	5000.0000	0.0500	1.0000	24.0000	96.0000	150.0	100.0	100.0	0.05533708110946004	1.0	44.135851418382664	0.44135851418382666	100.0	0.0	48.0	791.0	7.91	74.0	3.0	23.0	0.0	10.0	1173.0
24	0	5000	1325550491504	0.3000	1.0000	80.0000	150.0000	150.0000	0.0500	0.3500	100.0000	10.0000	0.0000	3600.0000	100.0000	10.0000	2.1475E9	1.3256E12	2.0000	0.0200	0.0900	0.0000	5000.0000	0.0500	1.0000	24.0000	96.0000	150.0	100.0	100.0	0.05101009665260438	1.0	45.05235111655309	0.4505235111655309	100.0	0.0	50.0	751.0	7.51	74.0	5.0	21.0	0.0	10.0	1224.0
25	0	5000	1325550493496	0.3000	1.0000	80.0000	150.0000	150.0000	0.0500	0.3500	100.0000	10.0000	0.0000	3750.0000	100.0000	10.0000	2.1475E9	1.3256E12	2.0000	0.0200	0.0900	0.0000	5000.0000	0.0500	1.0000	24.0000	96.0000	150.0	100.0	100.0	0.050602638272902484	1.0	39.722293435105115	0.39722293435105116	100.0	0.0	53.0	625.0	6.25	74.0	10.0	16.0	0.0	10.0	1274.0
26	0	5000	1325550495495	0.3000	1.0000	80.0000	150.0000	150.0000	0.0500	0.3500	100.0000	10.0000	0.0000	3900.0000	100.0000	10.0000	2.1475E9	1.3256E12	2.0000	0.0200	0.0900	0.0000	5000.0000	0.0500	1.0000	24.0000	96.0000	150.0	100.0	100.0	0.06454782811735812	1.0	42.882989508529555	0.42882989508529556	100.0	0.0	49.0	609.0	6.09	77.0	10.0	13.0	0.0	10.0	1335.0
27	0	5000	1325550497582	0.3000	1.0000	80.0000	150.0000	150.0000	0.0500	0.3500	100.0000	10.0000	0.0000	4050.0000	100.0000	10.0000	2.1475E9	1.3256E12	2.0000	0.0200	0.0900	0.0000	5000.0000	0.0500	1.0000	24.0000	96.0000	150.0	100.0	100.0	0.050905102899209125	1.0	44.36230778740159	0.4436230778740159	100.0	0.0	48.0	717.0	7.17	77.0	5.0	18.0	0.0	10.0	1383.0
28	0	5000	1325550499674	0.3000	1.0000	80.0000	150.0000	150.0000	0.0500	0.3500	100.0000	10.0000	0.0000	4200.0000	100.0000	10.0000	2.1475E9	1.3256E12	2.0000	0.0200	0.0900	0.0000	5000.0000	0.0500	1.0000	24.0000	96.0000	150.0	100.0	100.0	0.05161284865085716	1.0	35.656230522774955	0.35656230522774957	100.0	0.0	49.0	610.0	6.1	79.0	8.0	13.0	0.0	10.0	1429.0
29	0	5000	1325550501886	0.3000	1.0000	80.0000	150.0000	150.0000	0.0500	0.3500	100.0000	10.0000	0.0000	4350.0000	100.0000	10.0000	2.1475E9	1.3256E12	2.0000	0.0200	0.0900	0.0000	5000.0000	0.0500	1.0000	24.0000	96.0000	150.0	100.0	100.0	0.05097209990842627	1.0	40.69724680048527	0.40697246800485265	100.0	0.0	45.0	592.0	5.92	76.0	11.0	13.0	0.0	10.0	1478.0
30	0	5000	1325550504118	0.3000	1.0000	80.0000	150.0000	150.0000	0.0500	0.3500	100.0000	10.0000	0.0000	4500.0000	100.0000	10.0000	2.1475E9	1.3256E12	2.0000	0.0200	0.0900	0.0000	5000.0000	0.0500	1.0000	24.0000	96.0000	150.0	100.0	100.0	0.056353689018319754	1.0	51.291072993408456	0.5129107299340846	100.0	0.0	52.0	1092.0	10.92	68.0	8.0	24.0	0.0	10.0	1541.0
31	0	5000	1325550506464	0.3000	1.0000	80.0000	150.0000	150.0000	0.0500	0.3500	100.0000	10.0000	0.0000	4650.0000	100.0000	10.0000	2.1475E9	1.3256E12	2.0000	0.0200	0.0900	0.0000	5000.0000	0.0500	1.0000	24.0000	96.0000	150.0	100.0	100.0	0.05602064389699343	1.0	39.92624201618325	0.3992624201618325	100.0	0.0	47.0	609.0	6.09	80.0	2.0	18.0	0.0	10.0	1587.0
32	0	5000	1325550508774	0.3000	1.0000	80.0000	150.0000	150.0000	0.0500	0.3500	100.0000	10.0000	0.0000	4800.0000	100.0000	10.0000	2.1475E9	1.3256E12	2.0000	0.0200	0.0900	0.0000	5000.0000	0.0500	1.0000	24.0000	96.0000	150.0	100.0	100.0	0.05191579552726046	1.0	42.08637648739105	0.4208637648739105	100.0	0.0	49.0	680.0	6.8	75.0	10.0	15.0	0.0	10.0	1637.0
33	0	5000	1325550511138	0.3000	1.0000	80.0000	150.0000	150.0000	0.0500	0.3500	100.0000	10.0000	0.0000	4950.0000	100.0000	10.0000	2.1475E9	1.3256E12	2.0000	0.0200	0.0900	0.0000	5000.0000	0.0500	1.0000	24.0000	96.0000	150.0	100.0	100.0	0.05068565460194305	1.0	41.42905023877119	0.4142905023877119	100.0	0.0	46.0	668.0	6.68	79.0	9.0	12.0	0.0	10.0	1682.0
34	0	5000	1325550513559	0.3000	1.0000	80.0000	150.0000	150.0000	0.0500	0.3500	100.0000	10.0000	0.0000	5100.0000	100.0000	10.0000	2.1475E9	1.3256E12	2.0000	0.0200	0.0900	0.0000	5000.0000	0.0500	1.0000	24.0000	96.0000	150.0	100.0	100.0	0.06100140278653515	1.0	46.87800107325741	0.4687800107325741	100.0	0.0	53.0	949.0	9.49	67.0	9.0	24.0	0.0	10.0	1743.0
35	0	5000	1325550516061	0.3000	1.0000	80.0000	150.0000	150.0000	0.0500	0.3500	100.0000	10.0000	0.0000	5250.0000	100.0000	10.0000	2.1475E9	1.3256E12	2.0000	0.0200	0.0900	0.0000	5000.0000	0.0500	1.0000	24.0000	96.0000	150.0	100.0	100.0	0.051317837121758685	1.0	39.24494659298786	0.39244946592987856	100.0	0.0	51.0	672.0	6.72	77.0	10.0	13.0	0.0	10.0	1795.0
36	0	5000	1325550518571	0.3000	1.0000	80.0000	150.0000	150.0000	0.0500	0.3500	100.0000	10.0000	0.0000	5400.0000	100.0000	10.0000	2.1475E9	1.3256E12	2.0000	0.0200	0.0900	0.0000	5000.0000	0.0500	1.0000	24.0000	96.0000	150.0	100.0	100.0	0.05078412207415589	1.0	47.02727329397595	0.4702727329397595	100.0	0.0	50.0	917.0	9.17	67.0	10.0	23.0	0.0	10.0	1852.0
37	0	5000	1325550521187	0.3000	1.0000	80.0000	150.0000	150.0000	0.0500	0.3500	100.0000	10.0000	0.0000	5550.0000	100.0000	10.0000	2.1475E9	1.3256E12	2.0000	0.0200	0.0900	0.0000	5000.0000	0.0500	1.0000	24.0000	96.0000	150.0	100.0	100.0	0.06471379489058562	1.0	48.9052702873273	0.48905270287327296	100.0	0.0	48.0	858.0	8.58	73.0	12.0	15.0	0.0	10.0	1915.0
38	0	5000	1325550523869	0.3000	1.0000	80.0000	150.0000	150.0000	0.0500	0.3500	100.0000	10.0000	0.0000	5700.0000	100.0000	10.0000	2.1475E9	1.3256E12	2.0000	0.0200	0.0900	0.0000	5000.0000	0.0500	1.0000	24.0000	96.0000	150.0	100.0	100.0	0.050235148249044015	1.0	43.69158800291134	0.43691588002911336	100.0	0.0	49.0	708.0	7.08	77.0	4.0	19.0	0.0	10.0	1959.0
39	0	5000	1325550526609	0.3000	1.0000	80.0000	150.0000	150.0000	0.0500	0.3500	100.0000	10.0000	0.0000	5850.0000	100.0000	10.0000	2.1475E9	1.3256E12	2.0000	0.0200	0.0900	0.0000	5000.0000	0.0500	1.0000	24.0000	96.0000	150.0	100.0	100.0	0.05073934234544314	1.0	50.43088601028734	0.5043088601028733	100.0	0.0	50.0	1216.0	12.16	62.0	8.0	30.0	0.0	10.0	2013.0
40	0	5000	1325550529379	0.3000	1.0000	80.0000	150.0000	150.0000	0.0500	0.3500	100.0000	10.0000	0.0000	6000.0000	100.0000	10.0000	2.1475E9	1.3256E12	2.0000	0.0200	0.0900	0.0000	5000.0000	0.0500	1.0000	24.0000	96.0000	150.0	100.0	100.0	0.051921964231810995	1.0	43.94737597544729	0.4394737597544729	100.0	0.0	50.0	787.0	7.87	71.0	8.0	21.0	0.0	10.0	2065.0
41	0	5000	1325550532217	0.3000	1.0000	80.0000	150.0000	150.0000	0.0500	0.3500	100.0000	10.0000	0.0000	6150.0000	100.0000	10.0000	2.1475E9	1.3256E12	2.0000	0.0200	0.0900	0.0000	5000.0000	0.0500	1.0000	24.0000	96.0000	150.0	100.0	100.0	0.051840514928919106	1.0	43.37347384602554	0.4337347384602554	100.0	0.0	48.0	882.0	8.82	72.0	4.0	24.0	0.0	10.0	2112.0
42	0	5000	1325550535063	0.3000	1.0000	80.0000	150.0000	150.0000	0.0500	0.3500	100.0000	10.0000	0.0000	6300.0000	100.0000	10.0000	2.1475E9	1.3256E12	2.0000	0.0200	0.0900	0.0000	5000.0000	0.0500	1.0000	24.0000	96.0000	150.0	100.0	100.0	0.06005005495303618	1.0	39.015029153521105	0.3901502915352111	100.0	0.0	51.0	549.0	5.49	81.0	7.0	12.0	0.0	10.0	2162.0
43	0	5000	1325550537950	0.5000	1.0000	80.0000	150.0000	150.0000	0.0500	0.3500	100.0000	10.0000	0.0000	6450.0000	100.0000	10.0000	2.1475E9	1.3256E12	2.0000	0.0200	0.0900	0.0000	5000.0000	0.0500	1.0000	24.0000	96.0000	150.0	100.0	100.0	0.0554491939407398	1.0	44.38742558356908	0.44387425583569085	100.0	0.0	45.0	646.0	6.46	76.0	9.0	15.0	0.0	10.0	2211.0
44	0	5000	1325550540898	0.5000	1.0000	80.0000	150.0000	150.0000	0.0500	0.3500	100.0000	10.0000	0.0000	6600.0000	100.0000	10.0000	2.1475E9	1.3256E12	2.0000	0.0200	0.0900	0.0000	5000.0000	0.0500	1.0000	24.0000	96.0000	150.0	100.0	100.0	0.0696577189668438	1.0	50.278223630271256	0.5027822363027126	100.0	0.0	48.0	1003.0	10.03	70.0	8.0	22.0	0.0	10.0	2273.0
45	0	5000	1325550543953	0.5000	1.0000	80.0000	150.0000	150.0000	0.0500	0.3500	100.0000	10.0000	0.0000	6750.0000	100.0000	10.0000	2.1475E9	1.3256E12	2.0000	0.0200	0.0900	0.0000	5000.0000	0.0500	1.0000	24.0000	96.0000	150.0	100.0	100.0	0.06124452136408416	1.0	43.455430208656246	0.4345543020865625	100.0	0.0	48.0	731.0	7.31	76.0	6.0	18.0	0.0	10.0	2314.0
46	0	5000	1325550546992	0.5000	1.0000	80.0000	150.0000	150.0000	0.0500	0.3500	100.0000	10.0000	0.0000	6900.0000	100.0000	10.0000	2.1475E9	1.3256E12	2.0000	0.0200	0.0900	0.0000	5000.0000	0.0500	1.0000	24.0000	96.0000	150.0	100.0	100.0	0.06946611446013183	1.0	42.369455146473534	0.42369455146473534	100.0	0.0	50.0	750.0	7.5	75.0	10.0	15.0	0.0	10.0	2366.0
47	0	5000	1325550550092	0.5000	1.0000	80.0000	150.0000	150.0000	0.0500	0.3500	100.0000	10.0000	0.0000	7050.0000	100.0000	10.0000	2.1475E9	1.3256E12	2.0000	0.0200	0.0900	0.0000	5000.0000	0.0500	1.0000	24.0000	96.0000	150.0	100.0	100.0	0.059993559273328806	1.0	48.42937800512501	0.4842937800512501	100.0	0.0	51.0	884.0	8.84	69.0	5.0	26.0	0.0	10.0	2423.0
48	0	5000	1325550553265	0.5000	1.0000	80.0000	150.0000	150.0000	0.0500	0.3500	100.0000	10.0000	0.0000	7200.0000	100.0000	10.0000	2.1475E9	1.3256E12	2.0000	0.0200	0.0900	0.0000	5000.0000	0.0500	1.0000	24.0000	96.0000	150.0	100.0	100.0	0.05791483031448722	1.0	50.05462906964771	0.500546290696477	100.0	0.0	51.0	995.0	9.95	68.0	10.0	22.0	0.0	10.0	2477.0
49	0	5000	1325550556532	0.5000	1.0000	80.0000	150.0000	150.0000	0.0500	0.3500	100.0000	10.0000	0.0000	7350.0000	100.0000	10.0000	2.1475E9	1.3256E12	2.0000	0.0200	0.0900	0.0000	5000.0000	0.0500	1.0000	24.0000	96.0000	150.0	100.0	100.0	0.05335321883317473	1.0	37.81349477282335	0.3781349477282335	100.0	0.0	47.0	561.0	5.61	79.0	11.0	10.0	0.0	10.0	2519.0
50	0	5000	1325550559785	0.5000	1.0000	80.0000	150.0000	150.0000	0.0500	0.3500	100.0000	10.0000	0.0000	7500.0000	100.0000	10.0000	2.1475E9	1.3256E12	2.0000	0.0200	0.0900	0.0000	5000.0000	0.0500	1.0000	24.0000	96.0000	150.0	100.0	100.0	0.05312894020541717	1.0	43.449524947429545	0.43449524947429546	100.0	0.0	50.0	787.0	7.87	74.0	9.0	17.0	0.0	10.0	2573.0
51	0	5000	1325550563115	0.5000	1.0000	80.0000	150.0000	150.0000	0.0500	0.3500	100.0000	10.0000	0.0000	7650.0000	100.0000	10.0000	2.1475E9	1.3256E12	2.0000	0.0200	0.0900	0.0000	5000.0000	0.0500	1.0000	24.0000	96.0000	150.0	100.0	100.0	0.05111284026132751	1.0	42.33521751000586	0.4233521751000586	100.0	0.0	50.0	750.0	7.5	75.0	7.0	18.0	0.0	10.0	2629.0
52	0	5000	1325550566535	0.5000	1.0000	80.0000	150.0000	150.0000	0.0500	0.3500	100.0000	10.0000	0.0000	7800.0000	100.0000	10.0000	2.1475E9	1.3256E12	2.0000	0.0200	0.0900	0.0000	5000.0000	0.0500	1.0000	24.0000	96.0000	150.0	100.0	100.0	0.05648059648349402	1.0	44.962162579007355	0.44962162579007353	100.0	0.0	51.0	866.0	8.66	73.0	8.0	19.0	0.0	10.0	2682.0
53	0	5000	1325550569910	0.5000	1.0000	80.0000	150.0000	150.0000	0.0500	0.3500	100.0000	10.0000	0.0000	7950.0000	100.0000	10.0000	2.1475E9	1.3256E12	2.0000	0.0200	0.0900	0.0000	5000.0000	0.0500	1.0000	24.0000	96.0000	150.0	100.0	100.0	0.05291143258264576	1.0	44.27613890924157	0.4427613890924157	100.0	0.0	47.0	751.0	7.51	76.0	4.0	20.0	0.0	10.0	2736.0
54	0	5000	1325550573383	0.5000	1.0000	80.0000	150.0000	150.0000	0.0500	0.3500	100.0000	10.0000	0.0000	8100.0000	100.0000	10.0000	2.1475E9	1.3256E12	2.0000	0.0200	0.0900	0.0000	5000.0000	0.0500	1.0000	24.0000	96.0000	150.0	100.0	100.0	0.06202170101815914	1.0	51.388935311880324	0.5138893531188032	100.0	0.0	50.0	978.0	9.78	65.0	14.0	21.0	0.0	10.0	2801.0
55	0	5000	1325550576944	0.5000	1.0000	80.0000	150.0000	150.0000	0.0500	0.3500	100.0000	10.0000	0.0000	8250.0000	100.0000	10.0000	2.1475E9	1.3256E12	2.0000	0.0200	0.0900	0.0000	5000.0000	0.0500	1.0000	24.0000	96.0000	150.0	100.0	100.0	0.0568179352044608	1.0	47.349904800394505	0.47349904800394504	100.0	0.0	47.0	905.0	9.05	73.0	7.0	20.0	0.0	10.0	2868.0
56	0	5000	1325550580676	0.5000	1.0000	80.0000	150.0000	150.0000	0.0500	0.3500	100.0000	10.0000	0.0000	8400.0000	100.0000	10.0000	2.1475E9	1.3256E12	2.0000	0.0200	0.0900	0.0000	5000.0000	0.0500	1.0000	24.0000	96.0000	150.0	100.0	100.0	0.06887459018153552	1.0	49.27884497483779	0.4927884497483779	100.0	0.0	50.0	837.0	8.37	71.0	5.0	24.0	0.0	10.0	2925.0
57	0	5000	1325550584344	0.5000	1.0000	80.0000	150.0000	150.0000	0.0500	0.3500	100.0000	10.0000	0.0000	8550.0000	100.0000	10.0000	2.1475E9	1.3256E12	2.0000	0.0200	0.0900	0.0000	5000.0000	0.0500	1.0000	24.0000	96.0000	150.0	100.0	100.0	0.054175802107878826	1.0	41.22705703864459	0.4122705703864459	100.0	0.0	50.0	743.0	7.43	75.0	8.0	17.0	0.0	10.0	2980.0
58	0	5000	1325550588099	0.5000	1.0000	80.0000	150.0000	150.0000	0.0500	0.3500	100.0000	10.0000	0.0000	8700.0000	100.0000	10.0000	2.1475E9	1.3256E12	2.0000	0.0200	0.0900	0.0000	5000.0000	0.0500	1.0000	24.0000	96.0000	150.0	100.0	100.0	0.05404353242198481	1.0	45.969582555135716	0.4596958255513572	100.0	0.0	42.0	737.0	7.37	71.0	11.0	18.0	0.0	10.0	3032.0
59	0	5000	1325550591982	0.5000	1.0000	80.0000	150.0000	150.0000	0.0500	0.3500	100.0000	10.0000	0.0000	8850.0000	100.0000	10.0000	2.1475E9	1.3256E12	2.0000	0.0200	0.0900	0.0000	5000.0000	0.0500	1.0000	24.0000	96.0000	150.0	100.0	100.0	0.05377161563587734	1.0	49.613758334372854	0.49613758334372854	100.0	0.0	49.0	1037.0	10.37	64.0	12.0	24.0	0.0	10.0	3085.0
60	0	5000	1325550595965	0.5000	1.0000	80.0000	150.0000	150.0000	0.0500	0.3500	100.0000	10.0000	0.0000	9000.0000	100.0000	10.0000	2.1475E9	1.3256E12	2.0000	0.0200	0.0900	0.0000	5000.0000	0.0500	1.0000	24.0000	96.0000	150.0	100.0	100.0	0.05278922670116942	1.0	46.435388838240726	0.46435388838240726	100.0	0.0	50.0	840.0	8.4	73.0	5.0	22.0	0.0	10.0	3133.0
61	0	5000	1325550599940	0.5000	1.0000	80.0000	150.0000	150.0000	0.0500	0.3500	100.0000	10.0000	0.0000	9150.0000	100.0000	10.0000	2.1475E9	1.3256E12	2.0000	0.0200	0.0900	0.0000	5000.0000	0.0500	1.0000	24.0000	96.0000	150.0	100.0	100.0	0.05953446673627111	1.0	45.838600699502386	0.45838600699502385	100.0	0.0	49.0	739.0	7.39	77.0	8.0	15.0	0.0	10.0	3186.0
62	0	5000	1325550603959	0.5000	1.0000	80.0000	150.0000	150.0000	0.0500	0.3500	100.0000	10.0000	0.0000	9300.0000	100.0000	10.0000	2.1475E9	1.3256E12	2.0000	0.0200	0.0900	0.0000	5000.0000	0.0500	1.0000	24.0000	96.0000	150.0	100.0	100.0	0.05597296302017646	1.0	43.57796758373963	0.4357796758373963	100.0	0.0	51.0	889.0	8.89	74.0	6.0	20.0	0.0	10.0	3241.0
63	0	5000	1325550608081	0.5000	1.0000	80.0000	150.0000	150.0000	0.0500	0.3500	100.0000	10.0000	0.0000	9450.0000	100.0000	10.0000	2.1475E9	1.3256E12	2.0000	0.0200	0.0900	0.0000	5000.0000	0.0500	1.0000	24.0000	96.0000	150.0	100.0	100.0	0.06284070899090011	1.0	46.48465862340382	0.4648465862340382	100.0	0.0	53.0	869.0	8.69	71.0	13.0	16.0	0.0	10.0	3292.0
